_id:id,_labels:label,name,_start:id,_end:id,_type:label,count:int
1994,:emotion_class,工作压力,,,,
1995,:head,有人给自己压力,,,,
1996,:head,有人工作累了,,,,
1997,:head,有人觉得累了,,,,
1998,:head,有人变得非常沮丧,,,,
1999,:head,有人变得忧郁,,,,
2000,:head,有人不知疲倦地工作,,,,
2001,:head,有人觉得有点累,,,,
2002,:head,有人感到焦虑,,,,
2003,:head,有人变得焦虑,,,,
2004,:head,有人觉得很放松,,,,
2005,:head,有人放松自己,,,,
2006,:head,最近有人感到沮丧,,,,
2007,:head,使别人沮丧,,,,
2008,:head,有人觉得很沮丧,,,,
2009,:head,有人觉得很累,,,,
2010,:head,有人感到沮丧,,,,
2011,:head,有人变得沮丧,,,,
2012,:head,有人变得很沮丧,,,,
2013,:head,有人对自己很不满,,,,
2014,:head,有人挑起重担,,,,
2015,:head,有人给别人压力,,,,
2016,:head,有人整天辛苦工作,,,,
2017,:head,有人觉得困了,,,,
2018,:head,有人真的累了,,,,
2019,:head,有人变得不耐烦,,,,
2020,:head,有人对别人施加了压力,,,,
2021,:head,总有人累,,,,
2022,:head,有人觉得更放松,,,,
2023,:head,有人麻烦大了,,,,
2024,:head,有人觉得懒,,,,
2025,:head,有人带来压力,,,,
2026,:head,有人忍受自己,,,,
2027,:head,有人觉得筋疲力尽,,,,
2028,:head,有人累了,,,,
2029,:head,有人被别人弄得心烦意乱,,,,
2030,:head,有人帮不上忙,,,,
2031,:head,有人很焦虑,,,,
2032,:head,有人变得紧张,,,,
2033,:head,有人感到紧张,,,,
2034,:head,有人感到挫败,,,,
2035,:head,有人忧郁,,,,
2036,:head,有人事后觉得不舒服,,,,
2037,:head,有人心情不好,,,,
2038,:head,有人工作这么辛苦,,,,
2039,:head,有人很沮丧,,,,
2040,:head,有人无忧无虑,,,,
2041,:head,有人让自己难堪,,,,
2042,:head,有人觉得很紧张,,,,
2043,:head,有人对交朋友感到紧张,,,,
2044,:head,有人既紧张又害怕,,,,
2045,:head,有人变得很紧张,,,,
2046,:head,有人累坏了,,,,
2047,:head,有人缓解了别人的紧张,,,,
2048,:head,有人让别人焦虑,,,,
2049,:head,有人感到如释重负,,,,
2050,:head,有人非常疲倦,,,,
2051,:head,有人既害怕又紧张,,,,
2052,:head,有人觉得不开心,,,,
2053,:head,有人感觉迟钝,,,,
2054,:head,有人还紧张,,,,
2055,:head,有人觉得自己是个失败者,,,,
2056,:head,有人想放松一下,,,,
2057,:head,有人又病又累,,,,
2058,:head,有人不小心绊倒了,,,,
2059,:head,有人今天工作不顺,,,,
2060,:head,有人把别人累坏了,,,,
2061,:head,有人总是很紧张,,,,
2062,:head,有人既紧张又兴奋,,,,
2063,:head,有人恐慌症发作,,,,
2064,:head,有人感到不安,,,,
2065,:head,某人工作很努力,,,,
2066,:head,有人减轻了他的压力,,,,
2067,:head,有人不劳而获,,,,
2068,:head,有人让别人心烦,,,,
2069,:head,有人感觉糟透了,,,,
2070,:head,有人感到自信,,,,
2071,:head,有人厌倦了,,,,
2072,:head,有人压倒了别人,,,,
2073,:head,有人不想工作,,,,
2074,:head,有人真的很沮丧,,,,
2075,:head,有人惹麻烦,,,,
2076,:head,某人心情不好,,,,
2077,:head,有人还在烦恼,,,,
2078,:head,有人变得自信,,,,
2079,:head,有人总是很忙,,,,
2080,:head,有人不再紧张了,,,,
2081,:head,有人不耐烦了,,,,
2082,:head,最近有人情绪低落,,,,
2083,:head,有人觉得被困住了,,,,
2084,:head,有人感觉好多了,,,,
2085,:head,总有人上班迟到,,,,
2086,:head,有人惹恼了别人,,,,
2087,:head,有人注意力不集中,,,,
2088,:head,有人真的惹恼了别人,,,,
2089,:head,某人自尊心低,,,,
2090,:head,有人不遗余力,,,,
2091,:head,有人极度害怕,,,,
2092,:head,有人花了担心的钱,,,,
2093,:head,有人最近工作很忙,,,,
2094,:head,有人不依不饶,,,,
2095,:head,有人变成了别人的困扰,,,,
2096,:head,有人感到无助,,,,
2097,:head,有人既兴奋又紧张,,,,
2098,:head,有人觉得更自信,,,,
2099,:head,有人变得不安,,,,
2100,:head,有人觉得很无聊,,,,
2101,:head,有人差点就放弃了,,,,
2102,:tail,坏的,,,,
2103,:tail,担心的,,,,
2104,:tail,生气,,,,
2105,:tail,欠考虑的,,,,
2106,:tail,不体谅别人的,,,,
2107,:tail,紧张的,,,,
2108,:tail,好斗的,,,,
2109,:tail,焦虑的,,,,
2110,:tail,怀疑,,,,
2111,:tail,精神病,,,,
2112,:tail,家庭问题,,,,
2113,:tail,变得疲惫,,,,
2114,:tail,吃不健康的食物,,,,
2115,:tail,胃痛,,,,
2116,:tail,头痛,,,,
2117,:tail,他哭了,,,,
2118,:tail,接受他的过错,,,,
2119,:tail,想太多,,,,
2120,:tail,尝试一次做太多,,,,
2121,:tail,负责的,,,,
2122,:tail,对不起,,,,
2123,:tail,放松一下,,,,
2124,:tail,上床睡觉,,,,
2125,:tail,努力放松自己,,,,
2126,:tail,努力把事情做好,,,,
2127,:tail,与某人谈论他们的感受,,,,
2128,:tail,努力减轻压力,,,,
2129,:tail,看一个血吸虫医生,,,,
2130,:tail,提高自己,,,,
2131,:head,坏的,,,,
2132,:tail,有人麻烦大了,,,,
2133,:tail,有人忧郁,,,,
2134,:tail,有人事后觉得不舒服,,,,
2135,:tail,总有人上班迟到,,,,
2136,:head,担心的,,,,
2137,:tail,有人感到焦虑,,,,
2138,:tail,有人变得焦虑,,,,
2139,:tail,有人感到沮丧,,,,
2140,:tail,总有人累,,,,
2141,:tail,有人带来压力,,,,
2142,:tail,有人被别人弄得心烦意乱,,,,
2143,:tail,有人很焦虑,,,,
2144,:tail,有人变得紧张,,,,
2145,:tail,有人感到紧张,,,,
2146,:tail,有人很沮丧,,,,
2147,:tail,有人无忧无虑,,,,
2148,:tail,有人对交朋友感到紧张,,,,
2149,:tail,有人变得很紧张,,,,
2150,:tail,有人让别人焦虑,,,,
2151,:tail,有人既害怕又紧张,,,,
2152,:tail,有人还紧张,,,,
2153,:tail,有人总是很紧张,,,,
2154,:tail,有人既紧张又兴奋,,,,
2155,:tail,有人感到不安,,,,
2156,:tail,有人厌倦了,,,,
2157,:tail,某人心情不好,,,,
2158,:tail,有人还在烦恼,,,,
2159,:tail,最近有人情绪低落,,,,
2160,:tail,有人感到无助,,,,
2161,:head,生气,,,,
2162,:tail,有人变得非常沮丧,,,,
2163,:tail,使别人沮丧,,,,
2164,:tail,有人变得不耐烦,,,,
2165,:tail,有人让别人心烦,,,,
2166,:tail,有人压倒了别人,,,,
2167,:tail,有人不想工作,,,,
2168,:tail,有人惹麻烦,,,,
2169,:tail,有人不耐烦了,,,,
2170,:tail,有人惹恼了别人,,,,
2171,:tail,有人真的惹恼了别人,,,,
2172,:tail,有人觉得很无聊,,,,
2173,:head,欠考虑的,,,,
2174,:tail,有人让自己难堪,,,,
2175,:head,不体谅别人的,,,,
2176,:tail,有人给别人压力,,,,
2177,:head,紧张的,,,,
2178,:tail,有人觉得更放松,,,,
2179,:tail,有人心情不好,,,,
2180,:tail,有人觉得很紧张,,,,
2181,:tail,有人既紧张又害怕,,,,
2182,:tail,有人不小心绊倒了,,,,
2183,:tail,有人恐慌症发作,,,,
2184,:tail,某人自尊心低,,,,
2185,:tail,有人极度害怕,,,,
2186,:tail,有人差点就放弃了,,,,
2187,:head,好斗的,,,,
2188,:head,焦虑的,,,,
2189,:head,怀疑,,,,
2190,:head,胃痛,,,,
2191,:tail,有人感觉好多了,,,,
2192,:head,头痛,,,,
2193,:tail,有人觉得很累,,,,
2194,:head,负责的,,,,
2195,:tail,有人不知疲倦地工作,,,,
2196,:tail,有人挑起重担,,,,
2197,:tail,有人工作这么辛苦,,,,
2198,:tail,某人工作很努力,,,,
2199,:tail,有人花了担心的钱,,,,
2200,:tail,有人最近工作很忙,,,,
2201,:head,对不起,,,,
2202,:head,放松一下,,,,
2203,:tail,有人工作累了,,,,
2204,:tail,有人觉得很沮丧,,,,
2205,:tail,有人想放松一下,,,,
2206,:tail,有人减轻了他的压力,,,,
2207,:head,上床睡觉,,,,
2208,:tail,有人觉得累了,,,,
2209,:tail,有人觉得很放松,,,,
2210,:tail,有人累了,,,,
2211,:tail,不高兴的,,,,
2212,:tail,关切的,,,,
2213,:tail,骄傲的,,,,
2214,:tail,筋疲力尽的,,,,
2215,:tail,困倦的,,,,
2216,:tail,疲倦的,,,,
2217,:tail,皱褶,,,,
2218,:tail,宽心的,,,,
2219,:tail,嗜睡症,,,,
2220,:tail,去睡觉,,,,
2221,:tail,去度假,,,,
2222,:tail,阵雨,,,,
2223,:tail,睡觉,,,,
2224,:tail,红红的眼睛,,,,
2225,:tail,看上去很无聊,,,,
2226,:tail,努力工作,,,,
2227,:tail,承担额外的任务,,,,
2228,:tail,开车上班,,,,
2229,:tail,履行工作职责,,,,
2230,:tail,重读的,,,,
2231,:tail,洗个澡，感觉神清气爽,,,,
2232,:tail,回家,,,,
2233,:tail,休息一下,,,,
2234,:tail,有人整天工作,,,,
2235,:tail,有人加班5小时,,,,
2236,:tail,有人在擦地板,,,,
2237,:tail,有人睡着了,,,,
2238,:tail,有人一到家就睡着了,,,,
2239,:head,不高兴的,,,,
2240,:tail,有人变得很沮丧,,,,
2241,:tail,有人觉得自己是个失败者,,,,
2242,:tail,有人又病又累,,,,
2243,:tail,有人感觉糟透了,,,,
2244,:head,关切的,,,,
2245,:tail,有人变成了别人的困扰,,,,
2246,:head,骄傲的,,,,
2247,:tail,有人非常疲倦,,,,
2248,:tail,有人感到自信,,,,
2249,:tail,有人变得自信,,,,
2250,:tail,有人觉得更自信,,,,
2251,:head,筋疲力尽的,,,,
2252,:tail,有人整天辛苦工作,,,,
2253,:tail,有人觉得困了,,,,
2254,:tail,有人真的累了,,,,
2255,:tail,有人累坏了,,,,
2256,:tail,有人感觉迟钝,,,,
2257,:tail,有人总是很忙,,,,
2258,:tail,有人不遗余力,,,,
2259,:head,困倦的,,,,
2260,:tail,有人觉得有点累,,,,
2261,:head,疲倦的,,,,
2262,:tail,有人放松自己,,,,
2263,:tail,有人觉得懒,,,,
2264,:tail,有人觉得筋疲力尽,,,,
2265,:tail,有人觉得不开心,,,,
2266,:tail,有人今天工作不顺,,,,
2267,:tail,有人把别人累坏了,,,,
2268,:head,皱褶,,,,
2269,:head,宽心的,,,,
2270,:tail,有人既兴奋又紧张,,,,
2271,:head,去睡觉,,,,
2272,:tail,最近有人感到沮丧,,,,
2273,:head,去度假,,,,
2274,:head,睡觉,,,,
2275,:head,红红的眼睛,,,,
2276,:head,努力工作,,,,
2277,:head,重读的,,,,
2278,:tail,有人变得沮丧,,,,
2279,:head,回家,,,,
2280,:head,休息一下,,,,
2281,:tail,有人感到如释重负,,,,
2282,:tail,有人注意力不集中,,,,
2283,:head,有人睡着了,,,,
2284,:tail,不安宁的,,,,
2285,:tail,偏僻的,,,,
2286,:tail,头昏脑胀的,,,,
2287,:tail,疲惫不堪,,,,
2288,:tail,劳累过度的,,,,
2289,:tail,忙碌的,,,,
2290,:tail,疲劳的,,,,
2291,:tail,已除名,,,,
2292,:tail,懒惰的,,,,
2293,:tail,打哈欠,,,,
2294,:tail,眼睛下垂,,,,
2295,:tail,失去能量,,,,
2296,:tail,变得懒惰,,,,
2297,:tail,失去焦点,,,,
2298,:tail,注意力不集中,,,,
2299,:tail,睡着,,,,
2300,:tail,想着休息一下,,,,
2301,:tail,有人拖着脚,,,,
2302,:tail,有人大声打哈欠,,,,
2303,:tail,睡着了,,,,
2304,:tail,开始打瞌睡,,,,
2305,:tail,醒一会儿,,,,
2306,:tail,忙于工作,,,,
2307,:tail,在办公室完成工作,,,,
2308,:tail,回家去,,,,
2309,:tail,工作,,,,
2310,:tail,锻炼,,,,
2311,:tail,精疲力竭,,,,
2312,:tail,因睡眠不足而精疲力竭。,,,,
2313,:tail,坐在椅子上,,,,
2314,:tail,喝水,,,,
2315,:tail,小睡一会儿,,,,
2316,:tail,挤过去,,,,
2317,:tail,睡好觉,,,,
2318,:tail,为了通过考试而熬夜学习。,,,,
2319,:tail,有人非常努力地工作,,,,
2320,:tail,有人打盹休息,,,,
2321,:head,不安宁的,,,,
2322,:head,疲惫不堪,,,,
2323,:head,劳累过度的,,,,
2324,:head,忙碌的,,,,
2325,:head,疲劳的,,,,
2326,:head,懒惰的,,,,
2327,:head,打哈欠,,,,
2328,:head,失去能量,,,,
2329,:head,变得懒惰,,,,
2330,:head,失去焦点,,,,
2331,:head,睡着,,,,
2332,:head,睡着了,,,,
2333,:head,回家去,,,,
2334,:head,工作,,,,
2335,:head,锻炼,,,,
2336,:head,精疲力竭,,,,
2337,:head,坐在椅子上,,,,
2338,:head,喝水,,,,
2339,:head,小睡一会儿,,,,
2340,:head,睡好觉,,,,
2341,:tail,嘲笑某人,,,,
2342,:tail,向某人道歉,,,,
2343,:tail,安慰某人,,,,
2344,:tail,不堪重负,,,,
2345,:tail,愤怒的,,,,
2346,:tail,失意的,,,,
2347,:tail,感觉胃不舒服,,,,
2348,:tail,打墙壁,,,,
2349,:tail,有什么值得生气的。,,,,
2350,:tail,不能做某事。,,,,
2351,:tail,在某事上失败,,,,
2352,:tail,被某人忽视,,,,
2353,:tail,被某人骂,,,,
2354,:tail,疯的,,,,
2355,:tail,超出深度,,,,
2356,:tail,去搞清楚状况。,,,,
2357,:tail,冷静下来。,,,,
2358,:tail,冷静下来,,,,
2359,:tail,振作起来,,,,
2360,:tail,放弃,,,,
2361,:tail,为了战斗,,,,
2362,:tail,尖叫,,,,
2363,:tail,有人吃甜甜圈,,,,
2364,:head,向某人道歉,,,,
2365,:head,安慰某人,,,,
2366,:tail,有人忍受自己,,,,
2367,:head,不堪重负,,,,
2368,:head,愤怒的,,,,
2369,:tail,有人对自己很不满,,,,
2370,:tail,有人变得不安,,,,
2371,:head,失意的,,,,
2372,:tail,有人觉得被困住了,,,,
2373,:head,疯的,,,,
2374,:head,冷静下来,,,,
2375,:head,振作起来,,,,
2376,:head,放弃,,,,
2377,:tail,有人感到挫败,,,,
2378,:head,尖叫,,,,
2379,:tail,访问次数,,,,
2380,:tail,领取医疗帐单,,,,
2381,:tail,悲痛,,,,
2382,:tail,失望,,,,
2383,:tail,生病的,,,,
2384,:tail,损害,,,,
2385,:tail,幸福的,,,,
2386,:tail,感谢的,,,,
2387,:tail,接受心肺复苏,,,,
2388,:tail,会被送进医院,,,,
2389,:tail,洗脸,,,,
2390,:tail,感到口渴,,,,
2391,:tail,无法掩饰他的尴尬和震惊,,,,
2392,:tail,悲伤的,,,,
2393,:tail,更尴尬,,,,
2394,:tail,喘口气,,,,
2395,:tail,躲避溺水,,,,
2396,:tail,与某人交谈,,,,
2397,:tail,看喜剧,,,,
2398,:tail,呼吸,,,,
2399,:tail,接受医疗救助,,,,
2400,:tail,有人被糖噎住了,,,,
2401,:tail,有人把糖吐出来了,,,,
2402,:head,生病的,,,,
2403,:tail,有人真的很沮丧,,,,
2404,:head,损害,,,,
2405,:head,幸福的,,,,
2406,:tail,有人对别人施加了压力,,,,
2407,:tail,有人缓解了别人的紧张,,,,
2408,:tail,有人不劳而获,,,,
2409,:head,感谢的,,,,
2410,:head,悲伤的,,,,
2411,:head,与某人交谈,,,,
2412,:tail,帮助他们,,,,
2413,:tail,完成他们的工作,,,,
2414,:tail,决定,,,,
2415,:tail,完美主义者,,,,
2416,:tail,富有的,,,,
2417,:tail,会生病,,,,
2418,:tail,奖励,,,,
2419,:tail,已经筋疲力尽,,,,
2420,:tail,完成任务,,,,
2421,:tail,尽快完成这个项目,,,,
2422,:tail,达到目标,,,,
2423,:tail,富有成效,,,,
2424,:tail,有任务要做,,,,
2425,:tail,有工作要做,,,,
2426,:tail,有动力,,,,
2427,:tail,想要成功,,,,
2428,:tail,才华高的,,,,
2429,:tail,完成项目,,,,
2430,:tail,完成工作,,,,
2431,:tail,有人看着那一堆文件,,,,
2432,:tail,有人为成功而奋斗,,,,
2433,:tail,有人要求加薪,,,,
2434,:tail,有人在第二天睡觉,,,,
2435,:head,帮助他们,,,,
2436,:head,完成他们的工作,,,,
2437,:tail,有人帮不上忙,,,,
2438,:head,决定,,,,
2439,:tail,有人不再紧张了,,,,
2440,:tail,有人不依不饶,,,,
2441,:head,完美主义者,,,,
2442,:head,富有的,,,,
2443,:head,完成任务,,,,
2444,:head,才华高的,,,,
2445,:head,完成工作,,,,
2446,:tail,磨损了,,,,
2447,:tail,无力的,,,,
2448,:tail,昏昏欲睡的,,,,
2449,:tail,勤劳,,,,
2450,:tail,回去工作,,,,
2451,:tail,得到指示继续,,,,
2452,:tail,躺下,,,,
2453,:tail,完成他的计划。,,,,
2454,:tail,穿鞋,,,,
2455,:tail,踢足球,,,,
2456,:tail,决心。,,,,
2457,:tail,好像他们想睡觉,,,,
2458,:tail,准备睡觉了,,,,
2459,:tail,断开的,,,,
2460,:tail,休息一会,,,,
2461,:tail,坐下来,,,,
2462,:tail,小睡一会儿。,,,,
2463,:tail,喝咖啡。,,,,
2464,:tail,有人在健身房锻炼,,,,
2465,:tail,有人在洗澡,,,,
2466,:head,无力的,,,,
2467,:head,昏昏欲睡的,,,,
2468,:head,勤劳,,,,
2469,:head,回去工作,,,,
2470,:head,躺下,,,,
2471,:head,准备睡觉了,,,,
2472,:head,坐下来,,,,
2473,:head,有人在洗澡,,,,
2474,:tail,沮丧的,,,,
2475,:tail,情感的,,,,
2476,:tail,假装的,,,,
2477,:tail,谨慎的,,,,
2478,:tail,忧虑的,,,,
2479,:tail,感觉不舒服,,,,
2480,:tail,不想和人在一起,,,,
2481,:tail,做一份工作,,,,
2482,:tail,成功,,,,
2483,:tail,经历压力事件,,,,
2484,:tail,想想发生了什么,,,,
2485,:tail,不安全的,,,,
2486,:tail,尝试放松技巧,,,,
2487,:tail,使分心做某事,,,,
2488,:tail,克服焦虑,,,,
2489,:tail,会有人约别人出去约会,,,,
2490,:tail,课后有人接近其他人,,,,
2491,:head,沮丧的,,,,
2492,:head,情感的,,,,
2493,:head,假装的,,,,
2494,:head,谨慎的,,,,
2495,:head,忧虑的,,,,
2496,:head,感觉不舒服,,,,
2497,:head,成功,,,,
2498,:head,不安全的,,,,
2499,:tail,神经过敏的,,,,
2500,:tail,打架,,,,
2501,:tail,胆小的,,,,
2502,:tail,害羞的,,,,
2503,:tail,汗,,,,
2504,:tail,奶昔,,,,
2505,:tail,等待面试机会,,,,
2506,:tail,在校长办公室,,,,
2507,:tail,使自己脱离这种情况,,,,
2508,:tail,出席面试,,,,
2509,:tail,缓解焦虑,,,,
2510,:tail,屈服于焦虑,,,,
2511,:tail,有人开车遇到了交通堵塞,,,,
2512,:tail,有人打电话告诉家人他们要迟到了,,,,
2513,:head,打架,,,,
2514,:head,胆小的,,,,
2515,:head,害羞的,,,,
2516,:head,汗,,,,
2517,:head,奶昔,,,,
2518,:tail,平静,,,,
2519,:tail,和平的,,,,
2520,:tail,发出嗡嗡声,,,,
2521,:tail,赛义德,,,,
2522,:tail,忘记他必须做的其他事情,,,,
2523,:tail,得到休息,,,,
2524,:tail,得到必要的休息,,,,
2525,:tail,获得新的能量,,,,
2526,:tail,把一个漫长的工作周小睡一下。,,,,
2527,:tail,为了快乐,,,,
2528,:tail,设定休息时间,,,,
2529,:tail,冥想,,,,
2530,:tail,去做个按摩,,,,
2531,:tail,做一个平静的活动,,,,
2532,:tail,向老板请几天假,,,,
2533,:tail,去海滩,,,,
2534,:tail,仍然很放松,,,,
2535,:tail,无眠的夜晚,,,,
2536,:tail,对放松心存感激,,,,
2537,:tail,满足的,,,,
2538,:tail,去睡一会儿,,,,
2539,:tail,做休闲活动,,,,
2540,:tail,休息一下。,,,,
2541,:tail,放松，放松,,,,
2542,:tail,去享受他们的一天,,,,
2543,:tail,精力充沛地回去工作,,,,
2544,:tail,将来要休更长时间的假,,,,
2545,:tail,穿上他们的睡衣,,,,
2546,:tail,有人打开冰镇啤酒喝了起来,,,,
2547,:tail,有人坐在按摩椅上,,,,
2548,:tail,有人去按摩,,,,
2549,:tail,有人打开另一瓶啤酒来保持这种感觉,,,,
2550,:tail,有人给按摩师小费,,,,
2551,:tail,有人打开一瓶香槟,,,,
2552,:head,平静,,,,
2553,:head,和平的,,,,
2554,:head,为了快乐,,,,
2555,:head,冥想,,,,
2556,:head,休息一下。,,,,
2557,:tail,安详的,,,,
2558,:tail,护理的,,,,
2559,:tail,很好,,,,
2560,:tail,自给自足,,,,
2561,:tail,关心自己,,,,
2562,:tail,停止摇晃,,,,
2563,:tail,有人放松了。,,,,
2564,:tail,有人很冷静,,,,
2565,:tail,闭上双眼,,,,
2566,:tail,放下,,,,
2567,:tail,深呼吸,,,,
2568,:tail,好好放松一下,,,,
2569,:tail,有问题,,,,
2570,:tail,冷静,,,,
2571,:tail,相安无事,,,,
2572,:tail,意识到他们很激动。,,,,
2573,:tail,变得紧张。,,,,
2574,:tail,以增加压力。,,,,
2575,:tail,列个单子,,,,
2576,:tail,耐心点,,,,
2577,:tail,在身体上躺下。,,,,
2578,:tail,去思考和平的想法。,,,,
2579,:tail,摆脱紧张的处境。,,,,
2580,:head,护理的,,,,
2581,:head,放下,,,,
2582,:head,深呼吸,,,,
2583,:head,有问题,,,,
2584,:head,冷静,,,,
2585,:tail,孤独的,,,,
2586,:tail,削弱,,,,
2587,:tail,减少体力活动,,,,
2588,:tail,增重,,,,
2589,:tail,变得沮丧,,,,
2590,:tail,最近认识到,,,,
2591,:tail,孤独一人。,,,,
2592,:tail,哭泣,,,,
2593,:tail,喝啤酒,,,,
2594,:tail,有人无缘无故地哭,,,,
2595,:tail,有人死于病毒,,,,
2596,:tail,有人穿上鞋子出去散步，好让自己好受些,,,,
2597,:tail,有人找了个心理医生帮他,,,,
2598,:tail,有人要做产后检查,,,,
2599,:head,孤独的,,,,
2600,:head,增重,,,,
2601,:head,变得沮丧,,,,
2602,:head,哭泣,,,,
2603,:head,喝啤酒,,,,
2604,:tail,嚎叫,,,,
2605,:tail,皱眉,,,,
2606,:tail,脸红了,,,,
2607,:tail,血压升高,,,,
2608,:tail,恼怒和恼怒,,,,
2609,:tail,勾掉了,,,,
2610,:tail,就像不被打扰,,,,
2611,:tail,要求道歉,,,,
2612,:tail,找理由,,,,
2613,:tail,害怕,,,,
2614,:tail,令人生气的,,,,
2615,:tail,使人生气的,,,,
2616,:tail,短回火,,,,
2617,:tail,会被骂,,,,
2618,:tail,受到蔑视,,,,
2619,:tail,失去一个朋友,,,,
2620,:tail,很激动,,,,
2621,:tail,大声尖叫,,,,
2622,:tail,是个讨厌鬼,,,,
2623,:tail,很难相处,,,,
2624,:tail,决定惹人厌,,,,
2625,:tail,想一些令人沮丧的话,,,,
2626,:tail,悲伤,,,,
2627,:tail,惭愧的,,,,
2628,:tail,无礼,,,,
2629,:tail,愚蠢的,,,,
2630,:tail,气馁,,,,
2631,:tail,道歉,,,,
2632,:tail,说出沮丧的原因,,,,
2633,:tail,争论,,,,
2634,:tail,逃跑,,,,
2635,:tail,敌意,,,,
2636,:tail,后悔,,,,
2637,:head,皱眉,,,,
2638,:head,血压升高,,,,
2639,:head,害怕,,,,
2640,:head,令人生气的,,,,
2641,:head,使人生气的,,,,
2642,:head,短回火,,,,
2643,:head,会被骂,,,,
2644,:head,失去一个朋友,,,,
2645,:head,悲伤,,,,
2646,:head,惭愧的,,,,
2647,:head,无礼,,,,
2648,:head,愚蠢的,,,,
2649,:head,道歉,,,,
2650,:head,逃跑,,,,
2651,:tail,有同情心的,,,,
2652,:tail,独自,,,,
2653,:tail,绝望的,,,,
2654,:tail,痛苦的,,,,
2655,:tail,好心肠的,,,,
2656,:tail,无活力,,,,
2657,:tail,有更少的能量,,,,
2658,:tail,有人失去了保持个人卫生的意志,,,,
2659,:tail,有人失去了离开床的意志,,,,
2660,:tail,被解雇,,,,
2661,:tail,离婚,,,,
2662,:tail,喝醉,,,,
2663,:tail,去冰箱那里,,,,
2664,:tail,去吃点冰淇淋,,,,
2665,:tail,有人丢了工作,,,,
2666,:tail,有人去咨询,,,,
2667,:head,有同情心的,,,,
2668,:head,绝望的,,,,
2669,:head,痛苦的,,,,
2670,:head,无活力,,,,
2671,:head,有更少的能量,,,,
2672,:head,被解雇,,,,
2673,:head,有人丢了工作,,,,
2674,:tail,失败,,,,
2675,:tail,坚果般的,,,,
2676,:tail,喜怒无常的,,,,
2677,:tail,变得暴躁,,,,
2678,:tail,得到药物治疗,,,,
2679,:tail,减少重点,,,,
2680,:tail,有人睡觉。,,,,
2681,:tail,有人感觉到了。,,,,
2682,:tail,反应缓慢而笨拙,,,,
2683,:tail,进入梦乡,,,,
2684,:tail,休息,,,,
2685,:tail,潜伏起来,,,,
2686,:tail,开始慢跑,,,,
2687,:tail,T ·塔吉尔,,,,
2688,:tail,铲,,,,
2689,:tail,注意到她需要减肥,,,,
2690,:tail,太辛苦了,,,,
2691,:tail,跑马拉松,,,,
2692,:tail,连续工作16个小时,,,,
2693,:tail,很累,,,,
2694,:tail,排干,,,,
2695,:tail,找个地方坐着,,,,
2696,:tail,躺在床上,,,,
2697,:tail,把猪赶出去,,,,
2698,:tail,早点睡觉,,,,
2699,:tail,洗个长澡,,,,
2700,:tail,有人整个下午都在外面辛苦工作,,,,
2701,:tail,有人跑马拉松,,,,
2702,:tail,有人早睡了,,,,
2703,:head,失败,,,,
2704,:head,喜怒无常的,,,,
2705,:head,休息,,,,
2706,:head,躺在床上,,,,
2707,:tail,悲观的,,,,
2708,:tail,无私的,,,,
2709,:tail,重的,,,,
2710,:tail,懒洋洋的,,,,
2711,:tail,无知的,,,,
2712,:tail,下,,,,
2713,:tail,深的,,,,
2714,:tail,铺层,,,,
2715,:tail,错误的,,,,
2716,:tail,头强,,,,
2717,:tail,整天躺在床上,,,,
2718,:tail,想到自杀,,,,
2719,:tail,失眠症,,,,
2720,:tail,有自杀的念头,,,,
2721,:tail,身体疼痛,,,,
2722,:tail,身体时态,,,,
2723,:tail,减少外出,,,,
2724,:tail,变得不健康,,,,
2725,:tail,感到孤独,,,,
2726,:tail,对某人大吼大叫,,,,
2727,:tail,对某事打击很大,,,,
2728,:tail,心率加快,,,,
2729,:tail,呼吸加快,,,,
2730,:tail,很伤心。,,,,
2731,:tail,得到安慰,,,,
2732,:tail,独处一段时间,,,,
2733,:tail,感觉好一点,,,,
2734,:tail,自杀,,,,
2735,:tail,看医生,,,,
2736,:tail,打电话给朋友,,,,
2737,:tail,做些有趣的事,,,,
2738,:tail,独处,,,,
2739,:tail,找到治疗方法,,,,
2740,:tail,退后一步休息一下,,,,
2741,:tail,集思广益,,,,
2742,:tail,寻求帮助,,,,
2743,:tail,再试一次,,,,
2744,:tail,他们很少看到别人,,,,
2745,:tail,帮助某人,,,,
2746,:tail,使某人感觉好些,,,,
2747,:tail,有疾病,,,,
2748,:tail,失去女朋友,,,,
2749,:tail,做某事,,,,
2750,:tail,不顺利,,,,
2751,:tail,不知道解决办法,,,,
2752,:tail,某人正在看一部悲伤的电影,,,,
2753,:tail,有人和,,,,
2754,:tail,有人在准备考试,,,,
2755,:tail,有人哭了一会儿,,,,
2756,:tail,有人跟朋友说话,,,,
2757,:head,悲观的,,,,
2758,:head,懒洋洋的,,,,
2759,:head,下,,,,
2760,:head,整天躺在床上,,,,
2761,:head,对某人大吼大叫,,,,
2762,:head,呼吸加快,,,,
2763,:head,得到安慰,,,,
2764,:head,独处一段时间,,,,
2765,:head,感觉好一点,,,,
2766,:head,看医生,,,,
2767,:head,做些有趣的事,,,,
2768,:head,独处,,,,
2769,:head,寻求帮助,,,,
2770,:head,再试一次,,,,
2771,:head,帮助某人,,,,
2772,:head,使某人感觉好些,,,,
2773,:head,做某事,,,,
2774,:tail,与某人谈话,,,,
2775,:tail,检查某人,,,,
2776,:tail,不足,,,,
2777,:tail,消极的,,,,
2778,:tail,脆弱的,,,,
2779,:tail,好奇的,,,,
2780,:tail,哭,,,,
2781,:tail,想要振作起来,,,,
2782,:tail,呆在床上,,,,
2783,:tail,血压升高。,,,,
2784,:tail,心情不好。,,,,
2785,:tail,放弃了,,,,
2786,:tail,责怪自己或别人,,,,
2787,:tail,感到烦躁,,,,
2788,:tail,羞愧和愤怒,,,,
2789,:tail,很高兴一切都结束了,,,,
2790,:tail,恼怒,,,,
2791,:tail,吃药,,,,
2792,:tail,去谈论它,,,,
2793,:tail,做几次深呼吸,,,,
2794,:tail,沉思,,,,
2795,:tail,感到不快乐,,,,
2796,:tail,保持冷静,,,,
2797,:tail,去呼吸新鲜空气,,,,
2798,:tail,听音乐,,,,
2799,:tail,吸一口气,,,,
2800,:tail,使他头脑清醒,,,,
2801,:tail,大叫／咆哮,,,,
2802,:tail,击碎某物,,,,
2803,:tail,数到十,,,,
2804,:tail,深吸一口气，重新开始,,,,
2805,:tail,击中某物,,,,
2806,:tail,大叫,,,,
2807,:tail,有人发现他们的爸爸死了,,,,
2808,:tail,有人输了比赛,,,,
2809,:tail,有人不知道如何从死亡中走出来,,,,
2810,:tail,有人拿了他的球就回家了,,,,
2811,:tail,为了躲避某人,,,,
2812,:tail,蛤,,,,
2813,:tail,被老板骂,,,,
2814,:tail,在生意上吃亏,,,,
2815,:head,不足,,,,
2816,:head,消极的,,,,
2817,:head,脆弱的,,,,
2818,:head,好奇的,,,,
2819,:head,哭,,,,
2820,:head,想要振作起来,,,,
2821,:head,放弃了,,,,
2822,:head,恼怒,,,,
2823,:head,吃药,,,,
2824,:head,去谈论它,,,,
2825,:head,感到不快乐,,,,
2826,:head,听音乐,,,,
2827,:head,使他头脑清醒,,,,
2828,:head,大叫,,,,
2829,:head,为了躲避某人,,,,
2830,:tail,无助的,,,,
2831,:tail,同情,,,,
2832,:tail,帮助他,,,,
2833,:tail,安慰他,,,,
2834,:tail,易变的,,,,
2835,:tail,不幸的,,,,
2836,:tail,苦的,,,,
2837,:tail,不友好的,,,,
2838,:tail,加班的,,,,
2839,:tail,有人哭了,,,,
2840,:tail,有人因抑郁而疲倦,,,,
2841,:tail,失去朋友,,,,
2842,:tail,很难醒来,,,,
2843,:tail,Yells,,,,
2844,:tail,握紧拳头,,,,
2845,:tail,去朋友家,,,,
2846,:tail,谈了很久,,,,
2847,:tail,出了问题,,,,
2848,:tail,无法解决,,,,
2849,:tail,发生不幸的事,,,,
2850,:tail,不能接受,,,,
2851,:tail,去读信,,,,
2852,:tail,去拿手机,,,,
2853,:tail,很伤心,,,,
2854,:tail,困惑的,,,,
2855,:tail,无精打采的,,,,
2856,:tail,动机不明的,,,,
2857,:tail,情绪低落,,,,
2858,:tail,征求意见,,,,
2859,:tail,去旅游,,,,
2860,:tail,找到解决办法,,,,
2861,:tail,完美地配合解决方案,,,,
2862,:tail,好的事情开始发生,,,,
2863,:tail,拿某人出气,,,,
2864,:tail,为了解决这个问题,,,,
2865,:tail,解决问题,,,,
2866,:tail,孤独地坐着,,,,
2867,:tail,一个人呆着,,,,
2868,:tail,有人不小心轧死了一只狗,,,,
2869,:tail,有人跟他们的心理医生说,,,,
2870,:head,无助的,,,,
2871,:head,安慰他,,,,
2872,:head,不幸的,,,,
2873,:head,不友好的,,,,
2874,:head,加班的,,,,
2875,:head,失去朋友,,,,
2876,:head,Yells,,,,
2877,:head,去朋友家,,,,
2878,:head,困惑的,,,,
2879,:head,动机不明的,,,,
2880,:head,找到解决办法,,,,
2881,:head,为了解决这个问题,,,,
2882,:head,解决问题,,,,
2883,:tail,解释了他们的观点,,,,
2884,:tail,吃了一惊,,,,
2885,:tail,有人对他们不满,,,,
2886,:tail,因为这可能是他们伤害了某人,,,,
2887,:tail,缺乏自信,,,,
2888,:tail,容易摇晃,,,,
2889,:tail,敲击墙壁,,,,
2890,:tail,激动的尖叫声,,,,
2891,:tail,做得更好,,,,
2892,:tail,被触发,,,,
2893,:tail,弯下腰来,,,,
2894,:tail,X会犯一个错误,,,,
2895,:tail,某件事情错了,,,,
2896,:tail,他们不能再相信别人了,,,,
2897,:tail,去改变他们的处境,,,,
2898,:tail,达成决议,,,,
2899,:tail,改进,,,,
2900,:tail,会下决心把事情做得更好。,,,,
2901,:head,改进,,,,
2902,:tail,他们有更多的时间,,,,
2903,:tail,他们可以享受这一天,,,,
2904,:tail,感谢,,,,
2905,:tail,表示赞赏,,,,
2906,:tail,有帮助的,,,,
2907,:tail,尽职的,,,,
2908,:tail,强大的,,,,
2909,:tail,勇敢的,,,,
2910,:tail,他破产了,,,,
2911,:tail,他没有时间做其他事情,,,,
2912,:tail,累了,,,,
2913,:tail,有更多的责任,,,,
2914,:tail,引起疼痛,,,,
2915,:tail,为了帮忙,,,,
2916,:tail,去帮忙,,,,
2917,:tail,为自己感到骄傲,,,,
2918,:tail,用过的,,,,
2919,:tail,如释重负,,,,
2920,:tail,受到表扬,,,,
2921,:tail,有人开始挣扎,,,,
2922,:head,有帮助的,,,,
2923,:head,强大的,,,,
2924,:head,勇敢的,,,,
2925,:head,累了,,,,
2926,:head,为了帮忙,,,,
2927,:head,为自己感到骄傲,,,,
2928,:head,受到表扬,,,,
2929,:tail,变得紧张,,,,
2930,:tail,变得不堪重负,,,,
2931,:tail,避开某人,,,,
2932,:tail,回喊,,,,
2933,:tail,与x有关,,,,
2934,:tail,想要接近毒理,,,,
2935,:tail,很多人,,,,
2936,:tail,无输出,,,,
2937,:tail,受压力,,,,
2938,:tail,因心理冲突而不知所措的,,,,
2939,:tail,痛悔的,,,,
2940,:tail,打电话请病假,,,,
2941,:tail,抱怨某人,,,,
2942,:tail,走开,,,,
2943,:tail,解压缩,,,,
2944,:tail,生某人的气,,,,
2945,:tail,停止与某人交谈,,,,
2946,:tail,意思是,,,,
2947,:tail,粗心的,,,,
2948,:tail,负担,,,,
2949,:tail,虐待的,,,,
2950,:tail,严厉的,,,,
2951,:tail,暴力的,,,,
2952,:tail,大声的,,,,
2953,:tail,打起来了,,,,
2954,:tail,停止行走,,,,
2955,:tail,很生气,,,,
2956,:tail,告诉你别管他们,,,,
2957,:tail,超负荷工作,,,,
2958,:tail,办公室紧张,,,,
2959,:tail,困难时期的支持,,,,
2960,:tail,使某人失败,,,,
2961,:tail,给你很多工作,,,,
2962,:tail,给你很多信息,,,,
2963,:tail,感到不安,,,,
2964,:tail,告诉某人,,,,
2965,:tail,对某人生气,,,,
2966,:tail,对某人刻薄,,,,
2967,:tail,经常打扰某人,,,,
2968,:tail,做一个难对付的人,,,,
2969,:tail,感激他们的朋友,,,,
2970,:tail,有罪的,,,,
2971,:tail,欺诈的,,,,
2972,:tail,兴高采烈的,,,,
2973,:tail,询问工作情况,,,,
2974,:tail,为了道歉,,,,
2975,:tail,离开某人,,,,
2976,:tail,为了解决问题,,,,
2977,:tail,解释发生了什么,,,,
2978,:tail,与某人和好,,,,
2979,:head,变得紧张,,,,
2980,:head,避开某人,,,,
2981,:head,因心理冲突而不知所措的,,,,
2982,:head,走开,,,,
2983,:head,意思是,,,,
2984,:head,粗心的,,,,
2985,:head,大声的,,,,
2986,:head,很生气,,,,
2987,:head,感到不安,,,,
2988,:head,对某人生气,,,,
2989,:head,有罪的,,,,
2990,:head,兴高采烈的,,,,
2991,:head,为了道歉,,,,
2992,:head,离开某人,,,,
2993,:head,为了解决问题,,,,
2994,:tail,专用的,,,,
2995,:tail,奋发努力的,,,,
2996,:tail,动态的,,,,
2997,:tail,强有力的,,,,
2998,:tail,勤劳的,,,,
2999,:tail,坚定的,,,,
3000,:tail,回家累了,,,,
3001,:tail,洗个澡,,,,
3002,:tail,放松,,,,
3003,:tail,看电视,,,,
3004,:tail,成就很多,,,,
3005,:tail,晚餐迟到,,,,
3006,:tail,把事情做完,,,,
3007,:tail,为了挣工资,,,,
3008,:tail,为了赚钱,,,,
3009,:tail,一份工作,,,,
3010,:tail,一辆小汽车,,,,
3011,:tail,回家放松一下,,,,
3012,:tail,有人没有精力去健身房,,,,
3013,:tail,有人看电视睡着了,,,,
3014,:head,专用的,,,,
3015,:head,奋发努力的,,,,
3016,:head,强有力的,,,,
3017,:head,勤劳的,,,,
3018,:head,坚定的,,,,
3019,:head,洗个澡,,,,
3020,:head,放松,,,,
3021,:head,看电视,,,,
3022,:head,把事情做完,,,,
3023,:head,回家放松一下,,,,
3024,:tail,内容,,,,
3025,:tail,爬上床,,,,
3026,:tail,揉揉眼睛,,,,
3027,:tail,点头示意,,,,
3028,:tail,耗尽能量,,,,
3029,:tail,失去营养,,,,
3030,:tail,去上班,,,,
3031,:tail,累了。,,,,
3032,:tail,找一张床,,,,
3033,:tail,打盹,,,,
3034,:tail,喝咖啡,,,,
3035,:tail,熬夜,,,,
3036,:tail,有人吸大麻,,,,
3037,:head,内容,,,,
3038,:head,爬上床,,,,
3039,:head,去上班,,,,
3040,:head,喝咖啡,,,,
3041,:tail,筋疲力尽,,,,
3042,:tail,已使用,,,,
3043,:tail,头晕,,,,
3044,:tail,眼睛往后翻,,,,
3045,:tail,几乎不玩耍,,,,
3046,:tail,去健身,,,,
3047,:tail,工作了一整天,,,,
3048,:tail,仍然很累,,,,
3049,:tail,缓慢的,,,,
3050,:tail,在家放松,,,,
3051,:tail,吃得好,,,,
3052,:tail,有人很快就睡着了,,,,
3053,:head,缓慢的,,,,
3054,:tail,匆忙的,,,,
3055,:tail,道歉的,,,,
3056,:tail,无耐心的,,,,
3057,:tail,无聊的,,,,
3058,:tail,不成熟的,,,,
3059,:tail,狂躁的,,,,
3060,:tail,有人大呼小叫,,,,
3061,:tail,有人翻白眼,,,,
3062,:tail,一些非常糟糕的事情,,,,
3063,:tail,被耽搁或耽搁,,,,
3064,:tail,有一个快速保险丝或那种类型的东西,,,,
3065,:tail,要等很久。,,,,
3066,:tail,打了几次电话。,,,,
3067,:tail,坐立不安的,,,,
3068,:tail,别再回去了,,,,
3069,:tail,对负责的人大喊大叫,,,,
3070,:tail,放弃然后回家。,,,,
3071,:tail,别再打电话了。,,,,
3072,:tail,找出他不耐烦的原因,,,,
3073,:tail,相应地处理他不耐烦的原因,,,,
3074,:tail,有人在等医生,,,,
3075,:tail,终于有人去看医生了,,,,
3076,:head,匆忙的,,,,
3077,:head,无耐心的,,,,
3078,:head,无聊的,,,,
3079,:head,狂躁的,,,,
3080,:head,坐立不安的,,,,
3081,:tail,会被撞伤,,,,
3082,:tail,跌倒,,,,
3083,:tail,感到疼痛,,,,
3084,:tail,得到别人的帮助,,,,
3085,:tail,试着去原谅,,,,
3086,:tail,小心点,,,,
3087,:tail,反击,,,,
3088,:tail,逃离现场,,,,
3089,:tail,控制,,,,
3090,:tail,占优势的,,,,
3091,:tail,指挥的,,,,
3092,:tail,听到尖叫声,,,,
3093,:tail,会被击中,,,,
3094,:tail,被y反击,,,,
3095,:tail,会被逮捕,,,,
3096,:tail,有影响,,,,
3097,:tail,被看作是某种类型的人依赖于所造成的,,,,
3098,:tail,即将发生的事,,,,
3099,:tail,打某人,,,,
3100,:tail,满意,,,,
3101,:tail,叫某人走开,,,,
3102,:tail,禁足某人,,,,
3103,:tail,告诉某人做正确的事,,,,
3104,:tail,感到抱歉,,,,
3105,:tail,努力弥补,,,,
3106,:tail,为了报复,,,,
3107,:tail,伤害你,,,,
3108,:tail,有人生所有人的气,,,,
3109,:tail,有人开始哭泣,,,,
3110,:head,小心点,,,,
3111,:head,打某人,,,,
3112,:head,叫某人走开,,,,
3113,:head,有人开始哭泣,,,,
3114,:tail,厌倦,,,,
3115,:tail,贫血,,,,
3116,:tail,工作狂,,,,
3117,:tail,他们随意入睡,,,,
3118,:tail,他们因睡眠不足而情绪低落,,,,
3119,:tail,打瞌睡,,,,
3120,:tail,晚起,,,,
3121,:tail,生病,,,,
3122,:tail,一直在工作,,,,
3123,:tail,参加马拉松训练,,,,
3124,:tail,吃得很多,,,,
3125,:tail,好好休息。,,,,
3126,:tail,多喝咖啡。,,,,
3127,:tail,喝点咖啡,,,,
3128,:tail,去看医生,,,,
3129,:tail,开始健身,,,,
3130,:tail,吃一些能量药,,,,
3131,:tail,有人睡得比平时多,,,,
3132,:head,晚起,,,,
3133,:head,生病,,,,
3134,:head,喝点咖啡,,,,
3135,:head,去看医生,,,,
3136,:tail,高兴的,,,,
3137,:tail,舒适的,,,,
3138,:tail,很受欢迎,,,,
3139,:tail,不用担心,,,,
3140,:tail,想吃点东西,,,,
3141,:tail,她放下了,,,,
3142,:tail,去睡觉吧,,,,
3143,:tail,听这首歌,,,,
3144,:tail,喝一口水,,,,
3145,:tail,更好的,,,,
3146,:tail,去享受他们的自由,,,,
3147,:tail,躺下放松,,,,
3148,:tail,吃点心,,,,
3149,:tail,有人吃了他的药,,,,
3150,:head,高兴的,,,,
3151,:head,更好的,,,,
3152,:tail,脸红,,,,
3153,:tail,紧握拳头,,,,
3154,:tail,惩罚某人,,,,
3155,:tail,原谅某人,,,,
3156,:tail,逮捕某人,,,,
3157,:tail,阻止某人伤害他人,,,,
3158,:tail,米切维,,,,
3159,:tail,在危险中,,,,
3160,:tail,麻烦的,,,,
3161,:tail,邪恶的,,,,
3162,:tail,吃减压药放松,,,,
3163,:tail,想办法解决问题,,,,
3164,:tail,心磅,,,,
3165,:tail,手心出汗,,,,
3166,:tail,淘气，淘气,,,,
3167,:tail,做傻事,,,,
3168,:tail,做坏事,,,,
3169,:tail,做引起麻烦的事,,,,
3170,:tail,忽略命令,,,,
3171,:tail,行为不端,,,,
3172,:tail,偷富人的东西,,,,
3173,:tail,有麻烦了,,,,
3174,:tail,希望得到帮助,,,,
3175,:tail,避免惩罚,,,,
3176,:tail,为他们辩护,,,,
3177,:tail,为他们的行为道歉,,,,
3178,:tail,为他们的所作所为付出代价,,,,
3179,:tail,为了摆脱困境,,,,
3180,:tail,从监狱里出来,,,,
3181,:tail,有人撞了警车,,,,
3182,:tail,有人偷东西被抓了,,,,
3183,:tail,有人偷了钱,,,,
3184,:tail,有人从罚单上说出来,,,,
3185,:tail,有人进了监狱,,,,
3186,:tail,有人把钱还给我道歉,,,,
3187,:head,脸红,,,,
3188,:head,惩罚某人,,,,
3189,:head,原谅某人,,,,
3190,:head,麻烦的,,,,
3191,:head,邪恶的,,,,
3192,:head,想办法解决问题,,,,
3193,:head,手心出汗,,,,
3194,:head,为了摆脱困境,,,,
3195,:tail,你在工作中没有任何帮助,,,,
3196,:tail,你没有食物，而且很饿,,,,
3197,:tail,不舒服的,,,,
3198,:tail,枯竭,,,,
3199,:tail,在沙发上看电视,,,,
3200,:tail,我没做晚饭,,,,
3201,:tail,没有去上班,,,,
3202,:tail,吃一堆垃圾食品,,,,
3203,:tail,别睡觉,,,,
3204,:tail,以前努力工作,,,,
3205,:tail,休息后精力恢复的,,,,
3206,:tail,放松的,,,,
3207,:tail,精力充沛,,,,
3208,:tail,厌恶的,,,,
3209,:tail,什么都不做,,,,
3210,:tail,坐在她的椅子上,,,,
3211,:tail,停止工作,,,,
3212,:tail,整天看电视,,,,
3213,:tail,下床,,,,
3214,:tail,打盹。,,,,
3215,:tail,睡几个小时。,,,,
3216,:tail,依偎在沙发上看书,,,,
3217,:tail,与他的小狗躺在床上。,,,,
3218,:tail,有人请了一天假,,,,
3219,:tail,有人在下午两点醒来,,,,
3220,:tail,有人整天看电影,,,,
3221,:head,不舒服的,,,,
3222,:head,枯竭,,,,
3223,:head,休息后精力恢复的,,,,
3224,:head,放松的,,,,
3225,:head,精力充沛,,,,
3226,:head,厌恶的,,,,
3227,:head,下床,,,,
3228,:tail,尽力而为,,,,
3229,:tail,为了远离他们,,,,
3230,:tail,严重的,,,,
3231,:tail,专横的,,,,
3232,:tail,强烈的,,,,
3233,:tail,严格的,,,,
3234,:tail,坚韧的,,,,
3235,:tail,强迫他的员工,,,,
3236,:tail,为人民而战,,,,
3237,:tail,强迫某事发生,,,,
3238,:tail,找个地方给你压力,,,,
3239,:tail,找到熊,,,,
3240,:tail,得到他们想要的东西,,,,
3241,:tail,有影响力,,,,
3242,:tail,接近熊,,,,
3243,:tail,收集武器,,,,
3244,:tail,看它是否有效,,,,
3245,:tail,被抓,,,,
3246,:tail,与熊搏斗,,,,
3247,:tail,把熊踢开,,,,
3248,:head,尽力而为,,,,
3249,:head,严重的,,,,
3250,:head,专横的,,,,
3251,:head,坚韧的,,,,
3252,:tail,团结一致,,,,
3253,:tail,自力更生,,,,
3254,:tail,沉着冷静,,,,
3255,:tail,任性的,,,,
3256,:tail,给予,,,,
3257,:tail,诚实的,,,,
3258,:tail,逮捕,,,,
3259,:tail,吼叫着,,,,
3260,:tail,为了养活自己,,,,
3261,:tail,在未来继续忍受自己,,,,
3262,:tail,去评估是否一切顺利。,,,,
3263,:tail,表达爱意,,,,
3264,:tail,有人出现在派对上,,,,
3265,:tail,有人给那里的每个人留下了好印象,,,,
3266,:head,任性的,,,,
3267,:head,吼叫着,,,,
3268,:tail,过度疲惫的,,,,
3269,:tail,停止他的工作,,,,
3270,:tail,坐下休息,,,,
3271,:tail,崩溃,,,,
3272,:tail,为了活跃。,,,,
3273,:tail,为了工作。,,,,
3274,:tail,好好想想,,,,
3275,:tail,紧缩,,,,
3276,:tail,病怏怏的,,,,
3277,:tail,回到家。,,,,
3278,:tail,去睡觉。,,,,
3279,:tail,喝一杯,,,,
3280,:tail,有人在跑道上跑来跑去,,,,
3281,:tail,有人失败倒在地上,,,,
3282,:head,过度疲惫的,,,,
3283,:head,崩溃,,,,
3284,:head,喝一杯,,,,
3285,:tail,无能量,,,,
3286,:tail,劳累过度,,,,
3287,:tail,报酬过低的,,,,
3288,:tail,瘦弱的,,,,
3289,:tail,受压,,,,
3290,:tail,他们睡着了,,,,
3291,:tail,他们打盹,,,,
3292,:tail,醒来,,,,
3293,:tail,咒骂工人,,,,
3294,:tail,因食物而挨饿,,,,
3295,:tail,坚持并完成任务,,,,
3296,:tail,毛毯盖,,,,
3297,:tail,会受伤,,,,
3298,:tail,变得非常疲惫,,,,
3299,:tail,很难,,,,
3300,:tail,为了健身,,,,
3301,:tail,去休息。,,,,
3302,:tail,整天工作,,,,
3303,:tail,跑,,,,
3304,:tail,跑圈,,,,
3305,:tail,去健身房锻炼,,,,
3306,:tail,排气能量,,,,
3307,:tail,东奔西跑,,,,
3308,:tail,修剪草坪,,,,
3309,:tail,修剪树篱,,,,
3310,:tail,不休息,,,,
3311,:tail,开始行动,,,,
3312,:tail,就像休息,,,,
3313,:tail,完整的,,,,
3314,:tail,准备小睡一会儿,,,,
3315,:tail,更有活力,,,,
3316,:tail,想睡觉,,,,
3317,:tail,想要休息,,,,
3318,:tail,回家洗澡,,,,
3319,:tail,开车回家,,,,
3320,:tail,规定,,,,
3321,:tail,努力工作累了,,,,
3322,:tail,疲倦时的无聊动作,,,,
3323,:tail,有人跑长途,,,,
3324,:tail,有人在漫长的一天后开车回家,,,,
3325,:tail,有人停止运动,,,,
3326,:tail,有人开始走路,,,,
3327,:tail,有人终于睡着了,,,,
3328,:tail,有人打瞌睡时差点撞车,,,,
3329,:head,劳累过度,,,,
3330,:head,醒来,,,,
3331,:head,会受伤,,,,
3332,:head,更有活力,,,,
3333,:head,想要休息,,,,
3334,:tail,难以置信的站着,,,,
3335,:tail,走另一条路悲伤。,,,,
3336,:tail,会被打,,,,
3337,:tail,会面临,,,,
3338,:tail,责骂,,,,
3339,:tail,补偿某人,,,,
3340,:tail,与x达成一致。,,,,
3341,:tail,化解紧张局面。,,,,
3342,:tail,激动的,,,,
3343,:tail,不安的,,,,
3344,:tail,失望的,,,,
3345,:tail,大叫着离开这里,,,,
3346,:tail,疯狂地走开,,,,
3347,:tail,肚子打结,,,,
3348,:tail,睡眠有问题,,,,
3349,:tail,与y和解,,,,
3350,:tail,开始争论,,,,
3351,:tail,表示不满,,,,
3352,:tail,让某人知道他们做错了什么,,,,
3353,:tail,请某人帮个忙,,,,
3354,:tail,让某人记住某事,,,,
3355,:tail,在某种程度上了解y。,,,,
3356,:tail,与y有因果关系。,,,,
3357,:tail,听到他们不喜欢的东西,,,,
3358,:tail,沮丧的理由,,,,
3359,:tail,使悲哀,,,,
3360,:tail,对某人不满,,,,
3361,:tail,去解决问题。,,,,
3362,:tail,说出他们的不满。,,,,
3363,:tail,与某人打架,,,,
3364,:head,补偿某人,,,,
3365,:head,激动的,,,,
3366,:head,不安的,,,,
3367,:head,失望的,,,,
3368,:head,睡眠有问题,,,,
3369,:tail,无支撑的,,,,
3370,:tail,背叛,,,,
3371,:tail,失望，伤心,,,,
3372,:tail,去寻求帮助,,,,
3373,:tail,失去控制,,,,
3374,:tail,不正常的,,,,
3375,:tail,无能力的,,,,
3376,:tail,无效果的,,,,
3377,:tail,善意的,,,,
3378,:tail,内向的人,,,,
3379,:tail,自私的,,,,
3380,:tail,被迫做某事,,,,
3381,:tail,被请求帮助,,,,
3382,:tail,有其他事情要做,,,,
3383,:tail,无用的,,,,
3384,:tail,笨拙的,,,,
3385,:tail,残疾的,,,,
3386,:tail,不高兴的，同情的,,,,
3387,:tail,不要冒险,,,,
3388,:tail,保持控制,,,,
3389,:tail,希望他们能做点什么,,,,
3390,:tail,看他们完成后是否还需要帮助,,,,
3391,:tail,有人在车祸中瘫痪了,,,,
3392,:tail,有人看到一个人处于困境,,,,
3393,:tail,有人看着别人拿着食品杂货,,,,
3394,:tail,有人不能按时从轮椅上站起来,,,,
3395,:head,去寻求帮助,,,,
3396,:head,失去控制,,,,
3397,:head,内向的人,,,,
3398,:head,自私的,,,,
3399,:head,无用的,,,,
3400,:head,笨拙的,,,,
3401,:tail,紧张不安的,,,,
3402,:tail,不情愿的,,,,
3403,:tail,双手颤抖,,,,
3404,:tail,呕吐,,,,
3405,:tail,心率增快,,,,
3406,:tail,想让它飞起来,,,,
3407,:tail,想找点事打发时间,,,,
3408,:tail,去看新闻,,,,
3409,:tail,认真对待每一件事,,,,
3410,:tail,很沮丧。,,,,
3411,:tail,去参加派对,,,,
3412,:tail,吸气呼气,,,,
3413,:tail,去躲起来,,,,
3414,:tail,接下来有人上台,,,,
3415,:tail,不管怎样，有人表现得很好,,,,
3416,:head,紧张不安的,,,,
3417,:head,不情愿的,,,,
3418,:head,呕吐,,,,
3419,:tail,反应的,,,,
3420,:tail,兴奋的,,,,
3421,:tail,被警察拦下,,,,
3422,:tail,搜身,,,,
3423,:tail,脉冲增加,,,,
3424,:tail,咬他们的指甲,,,,
3425,:tail,开始出汗,,,,
3426,:tail,去面试,,,,
3427,:tail,被邀请去白宫,,,,
3428,:tail,去祈祷,,,,
3429,:tail,坐起来,,,,
3430,:tail,来回走动,,,,
3431,:tail,需要冷静,,,,
3432,:tail,结束紧张的局面,,,,
3433,:head,兴奋的,,,,
3434,:head,开始出汗,,,,
3435,:head,来回走动,,,,
3436,:tail,安静的,,,,
3437,:tail,想把它做完,,,,
3438,:tail,希望一切顺利,,,,
3439,:tail,担心,,,,
3440,:tail,思维竞赛,,,,
3441,:tail,震颤,,,,
3442,:tail,被问到：“wong是什么？”,,,,
3443,:tail,心烦意乱,,,,
3444,:tail,去看恐怖电影,,,,
3445,:tail,减轻,,,,
3446,:tail,不和谐的,,,,
3447,:tail,感到安全,,,,
3448,:tail,努力保持冷静,,,,
3449,:tail,呕吐，呕吐,,,,
3450,:tail,有人接近被遗弃的家,,,,
3451,:tail,一个不会害羞的人,,,,
3452,:head,震颤,,,,
3453,:head,减轻,,,,
3454,:head,不和谐的,,,,
3455,:tail,伤心欲绝,,,,
3456,:tail,想自杀的,,,,
3457,:tail,双手面对的地方,,,,
3458,:tail,在痛苦中呼喊,,,,
3459,:tail,埋葬头,,,,
3460,:tail,不充分的,,,,
3461,:tail,疲惫和悲伤,,,,
3462,:tail,找更好的事做,,,,
3463,:tail,有人输掉了网球比赛,,,,
3464,:tail,有人要上网球课,,,,
3465,:tail,去看心理医生,,,,
3466,:tail,接受药物治疗,,,,
3467,:tail,输掉比赛,,,,
3468,:tail,考试不及格,,,,
3469,:tail,可怕的,,,,
3470,:tail,吃甜食,,,,
3471,:tail,唱歌,,,,
3472,:tail,当歌手,,,,
3473,:tail,有人和他女朋友分手了,,,,
3474,:tail,有人写了一首关于布鲁斯的歌,,,,
3475,:head,去看心理医生,,,,
3476,:head,接受药物治疗,,,,
3477,:head,输掉比赛,,,,
3478,:head,可怕的,,,,
3479,:head,吃甜食,,,,
3480,:tail,离开,,,,
3481,:tail,懊悔的,,,,
3482,:tail,后悔的,,,,
3483,:tail,有人因悲伤而哭泣。,,,,
3484,:tail,有人肩膀下垂。,,,,
3485,:tail,感觉怪怪的,,,,
3486,:tail,做错了什么,,,,
3487,:tail,有良心,,,,
3488,:tail,做爱,,,,
3489,:tail,一张床,,,,
3490,:tail,犯罪,,,,
3491,:tail,伤害他人,,,,
3492,:tail,敬畏,,,,
3493,:tail,把事情做对,,,,
3494,:tail,做出更好的选择,,,,
3495,:tail,写信,,,,
3496,:tail,有人向你道歉,,,,
3497,:head,离开,,,,
3498,:head,懊悔的,,,,
3499,:head,敬畏,,,,
3500,:tail,帮助他好起来,,,,
3501,:tail,为了他有一个更好的明天,,,,
3502,:tail,失去动力,,,,
3503,:tail,测试失败,,,,
3504,:tail,无法集中精神,,,,
3505,:tail,睡过头,,,,
3506,:tail,出了车祸,,,,
3507,:tail,感觉不好,,,,
3508,:tail,坏事会发生,,,,
3509,:tail,去拿药,,,,
3510,:tail,打电话给保险公司,,,,
3511,:tail,为了这一天的结束,,,,
3512,:tail,有人睡得太晚,,,,
3513,:tail,有人那晚很早就睡了,,,,
3514,:head,感觉不好,,,,
3515,:tail,给某人加薪,,,,
3516,:tail,给某人升职,,,,
3517,:tail,勤奋的,,,,
3518,:tail,有效的,,,,
3519,:tail,会出汗,,,,
3520,:tail,会导致肌肉疲劳,,,,
3521,:tail,得到提升,,,,
3522,:tail,总是打哈欠,,,,
3523,:tail,获得奖励,,,,
3524,:tail,发展技能,,,,
3525,:tail,钱,,,,
3526,:tail,为了加薪,,,,
3527,:tail,想有所作为,,,,
3528,:tail,为了成功,,,,
3529,:tail,晚上睡个好觉,,,,
3530,:tail,找一份好工作,,,,
3531,:tail,工作计划,,,,
3532,:tail,参加工作,,,,
3533,:tail,富有成效的,,,,
3534,:tail,满怀希望的,,,,
3535,:tail,鼓励,,,,
3536,:tail,放轻松,,,,
3537,:tail,计划良好的工作,,,,
3538,:tail,工作的好时机,,,,
3539,:tail,今天有人种了两棵树,,,,
3540,:tail,有人在午饭前洗过澡,,,,
3541,:head,给某人升职,,,,
3542,:head,得到提升,,,,
3543,:head,为了加薪,,,,
3544,:head,为了成功,,,,
3545,:head,富有成效的,,,,
3546,:head,满怀希望的,,,,
3547,:head,鼓励,,,,
3548,:head,放轻松,,,,
3549,:tail,困扰的,,,,
3550,:tail,药物的,,,,
3551,:tail,脾气暴躁,,,,
3552,:tail,费力的,,,,
3553,:tail,学得慢,,,,
3554,:tail,头脑冷静,,,,
3555,:tail,伤脑筋,,,,
3556,:tail,不同步,,,,
3557,:tail,易激动,,,,
3558,:tail,易怒,,,,
3559,:tail,急躁的,,,,
3560,:tail,不合理的,,,,
3561,:tail,不称职的,,,,
3562,:tail,顽固的,,,,
3563,:tail,执拗的,,,,
3564,:tail,有人睡了很多,,,,
3565,:tail,有人不能走,,,,
3566,:tail,肌肉紧张,,,,
3567,:tail,磨牙,,,,
3568,:tail,打墙受伤,,,,
3569,:tail,会被逐出,,,,
3570,:tail,眉毛皱纹,,,,
3571,:tail,步兵,,,,
3572,:tail,挥舞拳头,,,,
3573,:tail,了解他们的烦恼,,,,
3574,:tail,被人瞧不起,,,,
3575,:tail,做出错误的决定,,,,
3576,:tail,脸都红了,,,,
3577,:tail,无法控制地颤抖,,,,
3578,:tail,举起双手,,,,
3579,:tail,有人不舒服,,,,
3580,:tail,留在自己身边,,,,
3581,:tail,悲伤和焦虑,,,,
3582,:tail,很恼火。,,,,
3583,:tail,愤怒。,,,,
3584,:tail,心烦意乱。,,,,
3585,:tail,怨恨的,,,,
3586,:tail,辜负,,,,
3587,:tail,无动于衷,,,,
3588,:tail,悲伤和沮丧,,,,
3589,:tail,去治疗,,,,
3590,:tail,服用抗抑郁药,,,,
3591,:tail,感觉好多了,,,,
3592,:tail,吃冰淇淋,,,,
3593,:tail,去买抗抑郁药,,,,
3594,:tail,开始锻炼，睡个好觉,,,,
3595,:tail,退出,,,,
3596,:tail,要改变的事情,,,,
3597,:tail,获取知识,,,,
3598,:tail,停下来休息一下,,,,
3599,:tail,撞到墙上,,,,
3600,:tail,表达愤怒,,,,
3601,:tail,被理解,,,,
3602,:tail,去解决令他们沮丧的问题,,,,
3603,:tail,使用镇静技巧,,,,
3604,:tail,去解决问题,,,,
3605,:tail,呆在房间里不出来,,,,
3606,:tail,吃很多垃圾食品,,,,
3607,:tail,有人被女孩拒绝了,,,,
3608,:tail,有人和出轨的伴侣分手,,,,
3609,:tail,有人完成了一个电视节目,,,,
3610,:tail,有人把钉子掉了好几次,,,,
3611,:tail,有人被人拒绝了,,,,
3612,:tail,有人发现有人在谈论他们,,,,
3613,:tail,有人疯了,,,,
3614,:tail,有人开始大哭,,,,
3615,:tail,有人找了个新搭档,,,,
3616,:tail,有人发现了一个新节目,,,,
3617,:tail,有人离开了这个项目,,,,
3618,:tail,有人回家哭泣,,,,
3619,:tail,有人告诉v和w,,,,
3620,:tail,有人离开了,,,,
3621,:tail,安慰x,,,,
3622,:tail,离开一会儿,,,,
3623,:tail,以确保他们不受挫折,,,,
3624,:tail,感到困惑,,,,
3625,:tail,负担过重,,,,
3626,:tail,需要和某人争论,,,,
3627,:tail,读了一些不好的东西,,,,
3628,:tail,看了一部悲伤的电影,,,,
3629,:tail,失去某人或某事,,,,
3630,:head,困扰的,,,,
3631,:head,药物的,,,,
3632,:head,急躁的,,,,
3633,:head,不合理的,,,,
3634,:head,有人睡了很多,,,,
3635,:head,肌肉紧张,,,,
3636,:head,悲伤和焦虑,,,,
3637,:head,感觉好多了,,,,
3638,:head,表达愤怒,,,,
3639,:head,感到困惑,,,,
3640,:tail,不露感情的,,,,
3641,:tail,独立的,,,,
3642,:tail,无能为力,,,,
3643,:tail,减慢呼吸,,,,
3644,:tail,擦眉,,,,
3645,:tail,宽慰的叹息,,,,
3646,:tail,沮丧和沮丧,,,,
3647,:tail,感谢他们的幸运星,,,,
3648,:tail,实现更多,,,,
3649,:tail,帮助别人不担心,,,,
3650,:tail,有人高度焦虑,,,,
3651,:tail,有人担心他的宠物,,,,
3652,:tail,有人抽烟,,,,
3653,:tail,有人得知兽医说他们的宠物很健康,,,,
3654,:tail,因为他们中了彩票,,,,
3655,:head,独立的,,,,
3656,:head,无能为力,,,,
3657,:head,宽慰的叹息,,,,
3658,:tail,逃离,,,,
3659,:tail,离开房间,,,,
3660,:tail,令人羞愧的,,,,
3661,:tail,丢脸的,,,,
3662,:tail,贬低的,,,,
3663,:tail,卑鄙小人,,,,
3664,:tail,尴尬,,,,
3665,:tail,找借口,,,,
3666,:tail,是愚蠢的,,,,
3667,:tail,不明白。,,,,
3668,:tail,对自己不满,,,,
3669,:tail,使自己感到难过,,,,
3670,:tail,说些愚蠢的话,,,,
3671,:tail,羞愧,,,,
3672,:tail,躲起来,,,,
3673,:head,逃离,,,,
3674,:head,尴尬,,,,
3675,:tail,安慰他们,,,,
3676,:tail,震动,,,,
3677,:tail,焦躁不安,,,,
3678,:tail,烦躁的,,,,
3679,:tail,常发愁的人,,,,
3680,:tail,偏执狂,,,,
3681,:tail,水果博物馆,,,,
3682,:tail,刺激,,,,
3683,:tail,隐藏他们的感情,,,,
3684,:tail,装出一副平静的样子,,,,
3685,:tail,延迟启动任务,,,,
3686,:tail,神色慌张,,,,
3687,:tail,为任何事情做好准备,,,,
3688,:tail,用所有感官保持警觉,,,,
3689,:tail,期待未知,,,,
3690,:tail,太紧张了,,,,
3691,:tail,十分焦虑,,,,
3692,:tail,担忧2,,,,
3693,:tail,胆怯,,,,
3694,:tail,做些不同的事,,,,
3695,:tail,孤身一人,,,,
3696,:tail,休假情况,,,,
3697,:tail,去谈,,,,
3698,:tail,去看一场意外,,,,
3699,:tail,得到坏消息,,,,
3700,:tail,有人站起来演讲,,,,
3701,:tail,有人走上舞台,,,,
3702,:tail,有人毫无异议地结束了演讲,,,,
3703,:tail,有人设法做了一个伟大的谈话,,,,
3704,:head,烦躁的,,,,
3705,:head,偏执狂,,,,
3706,:head,胆怯,,,,
3707,:head,得到坏消息,,,,
3708,:tail,有新朋友真好,,,,
3709,:tail,忽视某人,,,,
3710,:tail,去了解某人,,,,
3711,:tail,不交朋友,,,,
3712,:tail,紧张地微笑,,,,
3713,:tail,声音颤抖,,,,
3714,:tail,压力很大,,,,
3715,:tail,无效果,,,,
3716,:tail,精神疲惫,,,,
3717,:tail,交朋友,,,,
3718,:tail,为了避开新人,,,,
3719,:tail,和老朋友在一起,,,,
3720,:tail,有人加入了社交俱乐部,,,,
3721,:tail,某人上了一所新学校,,,,
3722,:tail,有人交了新朋友,,,,
3723,:tail,某人与其他学生交谈并交朋友,,,,
3724,:head,忽视某人,,,,
3725,:head,压力很大,,,,
3726,:head,无效果,,,,
3727,:tail,无经验的,,,,
3728,:tail,未作决定的,,,,
3729,:tail,害怕的,,,,
3730,:tail,尿裤子,,,,
3731,:tail,不能出去,,,,
3732,:tail,也不能正常运作,,,,
3733,:tail,避开别人,,,,
3734,:tail,在颤抖,,,,
3735,:tail,在流汗,,,,
3736,:tail,只有一个人,,,,
3737,:tail,冷冰冰的,,,,
3738,:tail,恐惧,,,,
3739,:tail,逃避困境,,,,
3740,:tail,呼救,,,,
3741,:tail,有人听到外面有枪声,,,,
3742,:tail,有人在念结婚誓词,,,,
3743,:tail,有人站在教室前面,,,,
3744,:tail,有人抢了他们的枪,,,,
3745,:tail,有人在宣誓时口吃,,,,
3746,:tail,有人掉了他们的材料,,,,
3747,:head,害怕的,,,,
3748,:head,在流汗,,,,
3749,:tail,对某人失去信任,,,,
3750,:tail,必须确定某人为什么紧张,,,,
3751,:tail,神经出汗,,,,
3752,:tail,吞咽,,,,
3753,:tail,口吃,,,,
3754,:tail,上车,,,,
3755,:tail,刹车,,,,
3756,:tail,嘎嘎作响,,,,
3757,:tail,担心，不高兴，紧张,,,,
3758,:tail,好像有什么不幸的事情发生,,,,
3759,:tail,好好检查,,,,
3760,:tail,系带传动,,,,
3761,:tail,隐藏,,,,
3762,:tail,有人在大雨中开车,,,,
3763,:tail,有人突然转向，错过了停放的汽车,,,,
3764,:head,神经出汗,,,,
3765,:head,口吃,,,,
3766,:head,嘎嘎作响,,,,
3767,:tail,活跃的,,,,
3768,:tail,无条件的,,,,
3769,:tail,热的,,,,
3770,:tail,很疼,,,,
3771,:tail,因精疲力竭而崩溃,,,,
3772,:tail,出现疲劳症状,,,,
3773,:tail,winces,,,,
3774,:tail,得到援助,,,,
3775,:tail,走两英里。,,,,
3776,:tail,买些杂货当晚餐。,,,,
3777,:tail,做晚饭。,,,,
3778,:tail,进行锻炼,,,,
3779,:tail,斥责,,,,
3780,:tail,去洗个澡。,,,,
3781,:tail,获得一些能量,,,,
3782,:tail,去喝杯咖啡,,,,
3783,:tail,喝一瓶水,,,,
3784,:tail,有人休息一下,,,,
3785,:tail,有人在打网球,,,,
3786,:head,热的,,,,
3787,:head,获得一些能量,,,,
3788,:tail,对某人心存感激,,,,
3789,:tail,有些人松了一口气。,,,,
3790,:tail,心率下降,,,,
3791,:tail,停止出汗,,,,
3792,:tail,有人冷静下来,,,,
3793,:tail,有人注定,,,,
3794,:tail,安慰,,,,
3795,:tail,感到被支持,,,,
3796,:tail,理解,,,,
3797,:tail,体贴的,,,,
3798,:tail,有人抚慰别人,,,,
3799,:tail,有人讲笑话,,,,
3800,:tail,想对人好一点,,,,
3801,:tail,使他平静下来,,,,
3802,:tail,给某人按摩,,,,
3803,:tail,好的,,,,
3804,:tail,鼓励某人,,,,
3805,:tail,让某人睡一会儿,,,,
3806,:tail,为了让某人感觉更好,,,,
3807,:tail,为了表示同情,,,,
3808,:tail,有人擅长指导,,,,
3809,:tail,有人告诉他们，他们会在演讲上做得很好,,,,
3810,:head,体贴的,,,,
3811,:head,好的,,,,
3812,:tail,unaesy,,,,
3813,:tail,罚,,,,
3814,:tail,谈论焦虑,,,,
3815,:tail,为了缓解焦虑,,,,
3816,:tail,吃他们的药,,,,
3817,:tail,向警方投诉,,,,
3818,:tail,雇一个私人保安,,,,
3819,:tail,吓人的,,,,
3820,:tail,磨料,,,,
3821,:tail,不友善的,,,,
3822,:tail,专横跋扈的,,,,
3823,:tail,不负责任的,,,,
3824,:tail,无情的,,,,
3825,:tail,告诫,,,,
3826,:tail,使他／她难过,,,,
3827,:tail,显示他／她是负责人,,,,
3828,:tail,打人,,,,
3829,:tail,恐吓某人,,,,
3830,:tail,满意了吗,,,,
3831,:tail,下流的,,,,
3832,:tail,主管,,,,
3833,:tail,缓解压力,,,,
3834,:tail,使某人冷静下来,,,,
3835,:tail,去拿别人的药,,,,
3836,:tail,跟踪某人,,,,
3837,:tail,骚扰某人,,,,
3838,:tail,有人归还别人的物品并道歉,,,,
3839,:head,罚,,,,
3840,:head,不友善的,,,,
3841,:head,不负责任的,,,,
3842,:head,恐吓某人,,,,
3843,:head,满意了吗,,,,
3844,:head,下流的,,,,
3845,:head,跟踪某人,,,,
3846,:tail,无重音的,,,,
3847,:tail,稍息,,,,
3848,:tail,微笑,,,,
3849,:tail,双肩向下,,,,
3850,:tail,发出一声叹息,,,,
3851,:tail,放松身体,,,,
3852,:tail,肌肉放松,,,,
3853,:tail,完成某事,,,,
3854,:tail,快乐,,,,
3855,:tail,高兴的。,,,,
3856,:tail,放轻松点,,,,
3857,:tail,继续做某事,,,,
3858,:tail,有人要做个测试,,,,
3859,:tail,有人通过了测试,,,,
3860,:tail,有人用洗手间,,,,
3861,:tail,有人要到下周才考试,,,,
3862,:tail,有人出去庆祝,,,,
3863,:tail,有人从浴室出来,,,,
3864,:head,稍息,,,,
3865,:head,微笑,,,,
3866,:head,高兴的。,,,,
3867,:tail,忘记他必须做的事,,,,
3868,:tail,很快入睡,,,,
3869,:tail,完成累人的事,,,,
3870,:tail,花费精力,,,,
3871,:tail,做很多事,,,,
3872,:tail,履行所有职责,,,,
3873,:tail,做消耗能量的工作,,,,
3874,:tail,举起重物,,,,
3875,:tail,他身体的疼痛,,,,
3876,:tail,如此悲伤,,,,
3877,:tail,保持清醒,,,,
3878,:tail,完成一切,,,,
3879,:tail,睡两天,,,,
3880,:tail,在他们的肌肉上涂药膏,,,,
3881,:tail,有人睡不着觉,,,,
3882,:tail,有人听到她的闹钟响了起来,,,,
3883,:tail,一见到某人就一动不动,,,,
3884,:tail,一见到某人就目瞪口呆,,,,
3885,:tail,不确定的,,,,
3886,:tail,恐吓,,,,
3887,:tail,平淡无奇的,,,,
3888,:tail,变得不舒服,,,,
3889,:tail,满头大汗,,,,
3890,:tail,湿裤,,,,
3891,:tail,勇敢一点,,,,
3892,:tail,克服恐惧,,,,
3893,:tail,为了摆脱这种情况,,,,
3894,:tail,向保险柜收费,,,,
3895,:tail,有人去鬼屋,,,,
3896,:tail,有人尖叫着跑出来,,,,
3897,:head,不确定的,,,,
3898,:tail,倒霉的,,,,
3899,:tail,受害者,,,,
3900,:tail,分散注意力,,,,
3901,:tail,不满的,,,,
3902,:tail,去改变生活,,,,
3903,:tail,为了保持冷静,,,,
3904,:tail,去了解情况，从这种不愉快的情绪中恢复过来,,,,
3905,:tail,有人去参加葬礼,,,,
3906,:tail,有人打电话给心理医生,,,,
3907,:tail,有人去跑步,,,,
3908,:tail,有人在煮咖啡,,,,
3909,:tail,变得悲伤,,,,
3910,:tail,感到困倦,,,,
3911,:tail,感觉很累,,,,
3912,:tail,昏过去了,,,,
3913,:tail,失去知觉,,,,
3914,:tail,掉东西了,,,,
3915,:tail,饮料、啤酒,,,,
3916,:tail,吃油腻的食物,,,,
3917,:tail,吃得太多,,,,
3918,:tail,刚睡醒,,,,
3919,:tail,为此感到羞愧,,,,
3920,:tail,探访医生,,,,
3921,:tail,去洗手间,,,,
3922,:tail,洗个热水澡,,,,
3923,:tail,有人熬夜太晚,,,,
3924,:tail,某人在工作中表现不佳,,,,
3925,:head,去洗手间,,,,
3926,:tail,犹豫的,,,,
3927,:tail,优柔寡断的,,,,
3928,:tail,呼吸浅薄,,,,
3929,:tail,出汗,,,,
3930,:tail,强调形势,,,,
3931,:tail,手抖,,,,
3932,:tail,消耗能量,,,,
3933,:tail,寻求缓解压力的策略,,,,
3934,:tail,想要冷静下来,,,,
3935,:tail,希望这件事能解决,,,,
3936,:tail,手开始颤抖,,,,
3937,:tail,一直在等电话,,,,
3938,:tail,订购某物却没有收到,,,,
3939,:tail,借钱给某人,,,,
3940,:tail,尝试新事物,,,,
3941,:tail,经历一些可怕的事情,,,,
3942,:tail,研究,,,,
3943,:tail,购买机票,,,,
3944,:tail,打电话询问进展,,,,
3945,:tail,冷静点,,,,
3946,:tail,克服他们的恐惧,,,,
3947,:tail,安抚他们的神经,,,,
3948,:tail,控制他们的呼吸,,,,
3949,:tail,发表演讲,,,,
3950,:tail,上了飞机,,,,
3951,:tail,做一个测试,,,,
3952,:tail,找一些有趣的事情做与信任的朋友,,,,
3953,:tail,想帮助某人,,,,
3954,:tail,希望他们都能做好,,,,
3955,:tail,约会前有人喝安神茶,,,,
3956,:tail,有人去面试,,,,
3957,:tail,有人跟约会对象说话，让她心情舒畅,,,,
3958,:tail,有人被录用,,,,
3959,:head,犹豫的,,,,
3960,:head,出汗,,,,
3961,:head,想要冷静下来,,,,
3962,:head,尝试新事物,,,,
3963,:head,冷静点,,,,
3964,:tail,取笑某人,,,,
3965,:tail,让某人知道他们没有及格,,,,
3966,:tail,让她知道她可以参加补考,,,,
3967,:tail,缺乏信心的,,,,
3968,:tail,自我批评,,,,
3969,:tail,不自信,,,,
3970,:tail,更加努力地工作,,,,
3971,:tail,得到建议,,,,
3972,:tail,犯错误,,,,
3973,:tail,为了考试而学习,,,,
3974,:tail,去学校的考场,,,,
3975,:tail,写测试,,,,
3976,:tail,失望。,,,,
3977,:tail,离职,,,,
3978,:tail,如释重负地松了一口气，因为考试已经结束了,,,,
3979,:tail,回家等她的分数,,,,
3980,:tail,有人考试不及格,,,,
3981,:head,有人考试不及格,,,,
3982,:tail,气喘,,,,
3983,:tail,脱水的,,,,
3984,:tail,放纵的,,,,
3985,:tail,伸展,,,,
3986,:tail,想着吃点心,,,,
3987,:tail,有人躺下了。,,,,
3988,:tail,有人打哈欠。,,,,
3989,:tail,释放压力,,,,
3990,:tail,辛苦工作一天,,,,
3991,:tail,找一把舒服的椅子,,,,
3992,:tail,寻找宁静的地方,,,,
3993,:tail,自由的思想,,,,
3994,:tail,为了保持放松,,,,
3995,:tail,睡个好觉,,,,
3996,:tail,有人下班后走进屋子,,,,
3997,:tail,有人坐在沙发上,,,,
3998,:head,有人打哈欠。,,,,
3999,:tail,不能和某人做很多积极的活动,,,,
4000,:tail,可能会因为和某人在一起而生病,,,,
4001,:tail,别挡他的路,,,,
4002,:tail,努力让他更快乐,,,,
4003,:tail,寒冷的,,,,
4004,:tail,长期受苦,,,,
4005,:tail,不善交际,,,,
4006,:tail,去看医生。,,,,
4007,:tail,需要休息。,,,,
4008,:tail,躺在沙发上,,,,
4009,:tail,对每个人吼,,,,
4010,:tail,受困的,,,,
4011,:tail,休息和放松,,,,
4012,:tail,开始新的运动,,,,
4013,:tail,去买药,,,,
4014,:tail,好好治病,,,,
4015,:tail,有人得病了,,,,
4016,:tail,有人吃药,,,,
4017,:head,休息和放松,,,,
4018,:head,有人吃药,,,,
4019,:tail,嘲笑某人绊倒。,,,,
4020,:tail,在别人倒地之前帮忙抓住他们。,,,,
4021,:tail,疏忽的,,,,
4022,:tail,不专心,,,,
4023,:tail,痛苦的哭泣,,,,
5332,:tail,痛苦的尖叫,,,,
5333,:tail,不知道他们要去哪里。,,,,
5334,:tail,笨手笨脚的,,,,
5335,:tail,为了避免受伤,,,,
5336,:tail,站起来,,,,
5337,:tail,倒在地上。,,,,
5338,:tail,尖叫。,,,,
5339,:tail,哭出来。,,,,
5340,:tail,不会再被绊倒,,,,
5341,:tail,有人在楼梯上绊倒了,,,,
5342,:tail,有人走在公园里仰望云彩,,,,
5343,:tail,有人跑到街上,,,,
5344,:tail,有人抓住栏杆,,,,
5345,:tail,有人滚下陡峭的堤岸,,,,
5346,:tail,有人上了救护车,,,,
5347,:head,站起来,,,,
5348,:tail,郁闷,,,,
5349,:tail,去洗澡,,,,
5350,:tail,倒一杯饮料,,,,
5351,:tail,失去信心,,,,
5352,:tail,失去自尊,,,,
5353,:tail,变得气馁,,,,
5354,:tail,会被开除,,,,
5355,:tail,受到训斥,,,,
5356,:tail,有一份工作,,,,
5357,:tail,工作缓慢,,,,
5358,:tail,电脑未启动,,,,
5359,:tail,找一份更好的工作,,,,
5360,:tail,顾客对某人大吼大叫,,,,
5361,:head,有一份工作,,,,
5362,:tail,坐一会儿。,,,,
5363,:tail,独自离开,,,,
5364,:tail,离开那个人,,,,
5365,:tail,消失,,,,
5366,:tail,令人筋疲力尽的,,,,
5367,:tail,精力充沛的,,,,
5368,:tail,新奇的,,,,
5369,:tail,反复问问题,,,,
5370,:tail,想要什么,,,,
5371,:tail,对那个人不好,,,,
5372,:tail,对那个人做坏事,,,,
5373,:tail,去冒险,,,,
5374,:tail,穷困的,,,,
5375,:tail,题为,,,,
5376,:tail,继续下去,,,,
5377,:tail,为了庆祝胜利,,,,
5378,:tail,去跳舞,,,,
5379,:tail,说对不起,,,,
5380,:tail,坚持做下去,,,,
5381,:head,消失,,,,
5382,:head,精力充沛的,,,,
5383,:head,穷困的,,,,
5384,:head,说对不起,,,,
5385,:tail,令人担心的,,,,
5386,:tail,没长性的,,,,
5387,:tail,会死得更早,,,,
5388,:tail,生病了,,,,
5389,:tail,喘着粗气,,,,
5390,:tail,避免机会,,,,
5391,:tail,经常犯错,,,,
5392,:tail,经常呆在家里,,,,
5393,:tail,什么都担心。,,,,
5394,:tail,仍然紧张。,,,,
5395,:tail,吃一些焦虑药,,,,
5396,:tail,报名参加瑜伽课程,,,,
5397,:tail,有人看到看门人看到自己在偷考试答案,,,,
5398,:tail,有人担心看门人报告了自己,,,,
5399,:tail,让他们开始工作,,,,
5400,:tail,去看看他们怎么样,,,,
5401,:tail,易激动的,,,,
5402,:tail,自我意识,,,,
5403,:tail,预期,,,,
5404,:tail,吓坏了,,,,
5405,:tail,提心吊胆的,,,,
5406,:tail,群居的,,,,
5407,:tail,外向的,,,,
5408,:tail,高贵的,,,,
5409,:tail,感觉到一股内啡肽,,,,
5410,:tail,小心,,,,
5411,:tail,是正确的,,,,
5412,:tail,试图隐藏感情,,,,
5413,:tail,努力平静下来,,,,
5414,:tail,一整天都不喝咖啡,,,,
5415,:tail,跳上跳下,,,,
5416,:tail,开始哭泣,,,,
5417,:tail,期待好事发生,,,,
5418,:tail,去知道它将要发生,,,,
5419,:tail,学习新的信息,,,,
5420,:tail,制定计划,,,,
5421,:tail,喜忧参半,,,,
5422,:tail,去参加活动,,,,
5423,:tail,去看看结果如何,,,,
5424,:tail,去跟心理医生谈谈,,,,
5425,:tail,缓解紧张情绪,,,,
5426,:tail,为了缓解紧张情绪,,,,
5427,:tail,镇静下来,,,,
5428,:tail,执行计划,,,,
5429,:tail,把某人的想法从脑子里赶走,,,,
5430,:tail,有人在约会,,,,
5431,:tail,有人要求和同事一起领奖,,,,
5432,:tail,有人和新来的人合得来,,,,
5433,:head,自我意识,,,,
5434,:head,小心,,,,
5435,:head,努力平静下来,,,,
5436,:head,跳上跳下,,,,
5437,:head,开始哭泣,,,,
5438,:head,制定计划,,,,
5439,:tail,害怕了,,,,
5440,:tail,开始恐慌,,,,
5441,:tail,敏感的,,,,
5442,:tail,开始缓慢而沉重地呼吸,,,,
5443,:tail,脸色发白,,,,
5444,:tail,过度换气,,,,
5445,:tail,大汗淋漓,,,,
5446,:tail,做一个积极的思维定势,,,,
5447,:tail,被某事震惊或震惊,,,,
5448,:tail,感到不知所措或非常不安,,,,
5449,:tail,很高兴,,,,
5450,:tail,再次感到平静,,,,
5451,:tail,表达情感,,,,
5452,:tail,恢复,,,,
5453,:tail,为了康复,,,,
5454,:tail,深呼吸让自己平静下来,,,,
5455,:tail,坐下来休息,,,,
5456,:tail,打电话让朋友搭车回家,,,,
5457,:tail,有人在人群中停下脚步,,,,
5458,:tail,有人发表演讲,,,,
5459,:tail,有人上班迟到了,,,,
5460,:tail,有人倒在地上,,,,
5461,:tail,有人往纸袋里吹气,,,,
5462,:tail,有人被炒了,,,,
5463,:head,恢复,,,,
5464,:head,有人上班迟到了,,,,
5465,:head,有人被炒了,,,,
5466,:tail,丑陋的,,,,
5467,:tail,窘迫的,,,,
5468,:tail,惊慌失措的,,,,
5469,:tail,在网上查找症状,,,,
5470,:tail,告诉别人担心,,,,
5471,:tail,饮用水,,,,
5472,:tail,感觉良好,,,,
5473,:tail,避免压力,,,,
5474,:tail,积极地思考,,,,
5475,:tail,离开这里,,,,
5476,:tail,打电话给他妈妈,,,,
5477,:tail,处于不舒服的位置,,,,
5478,:tail,吃了很多,,,,
5479,:tail,医生办公室里有人,,,,
5480,:tail,有人和老板见面,,,,
5481,:tail,有人向朋友请教,,,,
5482,:head,感觉良好,,,,
5483,:tail,祝贺某人,,,,
5484,:tail,有礼貌的,,,,
5485,:tail,可靠的,,,,
5486,:tail,聚焦,,,,
5487,:tail,熟练的,,,,
5488,:tail,有动机的,,,,
5489,:tail,值得信赖,,,,
5490,:tail,体育活动,,,,
5491,:tail,得到感谢,,,,
5492,:tail,得到奖赏,,,,
5493,:tail,性别问题认识信息和联网系统奖,,,,
5494,:tail,得到称赞,,,,
5495,:tail,会赚钱的,,,,
5496,:tail,会实现目标,,,,
5497,:tail,花费时间,,,,
5498,:tail,会被审判,,,,
5499,:tail,没有一个,,,,
5500,:tail,赢得人们的信任,,,,
5501,:tail,加薪,,,,
5502,:tail,比同事成就更大,,,,
5503,:tail,花时间工作,,,,
5504,:tail,把事情做好,,,,
5505,:tail,每天准时到，不早退,,,,
5506,:tail,把时间集中在分配给他们的工作上,,,,
5507,:tail,在他们到达之前要有充足的睡眠或者喝咖啡来保持警觉,,,,
5508,:tail,生产高质量的产品,,,,
5509,:tail,为了保住工作。,,,,
5510,:tail,做一个更好的人,,,,
5511,:tail,在生活中走得更远,,,,
5512,:tail,充分利用他们的工作,,,,
5513,:tail,为了成长,,,,
5514,:tail,他想在公司里获得更高的职位，所以他努力工作,,,,
5515,:tail,好好干,,,,
5516,:tail,为了升职,,,,
5517,:tail,学会奉献自己,,,,
5518,:tail,每天努力工作,,,,
5519,:tail,擅长工作,,,,
5520,:tail,学一门手艺,,,,
5521,:tail,有良好的职业道德,,,,
5522,:tail,执行任务,,,,
5523,:tail,找出任务是什么,,,,
5524,:tail,培养意志力,,,,
5525,:tail,设定目标,,,,
5526,:tail,得到这份工作,,,,
5527,:tail,准备工作,,,,
5528,:tail,能胜任的,,,,
5529,:tail,努力工作会有回报,,,,
5530,:tail,自信，学习新事物,,,,
5531,:tail,比以前更努力地工作,,,,
5532,:tail,好起来,,,,
5533,:tail,升职,,,,
5534,:tail,在生活中获得成功,,,,
5535,:tail,赚了一大笔钱,,,,
5536,:tail,为了挣钱,,,,
5537,:tail,下班后放松一下,,,,
5538,:tail,为了获得认可,,,,
5539,:tail,就可以养家糊口,,,,
5540,:tail,他们将能够为他们的家庭提供住所,,,,
5541,:tail,赚更多的钱，因为有人努力工作,,,,
5542,:tail,利用某人的工作来解决问题,,,,
5543,:tail,让别人试着像别人一样,,,,
5544,:tail,因为某人的工作而挽救他们的生命,,,,
5545,:tail,就像他们有一个努力工作的员工,,,,
5546,:tail,感激的,,,,
5547,:tail,有人接受了新职位,,,,
5548,:tail,某人在工作中得到提升,,,,
5549,:tail,有人提前来上班了,,,,
5550,:tail,有人需要一份新工作,,,,
5551,:tail,有人实施了他的新计划,,,,
5552,:tail,必须有人更加努力,,,,
5553,:tail,有人升职了,,,,
5554,:tail,有人投了很多简历,,,,
5555,:head,可靠的,,,,
5556,:head,熟练的,,,,
5557,:head,有动机的,,,,
5558,:head,没有一个,,,,
5559,:head,做一个更好的人,,,,
5560,:head,好起来,,,,
5561,:head,感激的,,,,
5562,:tail,勇猛的,,,,
5563,:tail,自信的,,,,
5564,:tail,令人愉快的,,,,
5565,:tail,变得放松,,,,
5566,:tail,降低血压,,,,
5567,:tail,听平静的音乐,,,,
5568,:tail,即将被,,,,
5569,:tail,它不会压倒他们的生活,,,,
5570,:tail,变得更加冷静,,,,
5571,:tail,为了更健康,,,,
5572,:tail,看书放松,,,,
5573,:tail,点些蜡烛,,,,
5574,:tail,去远足,,,,
5575,:tail,好像他们不用担心,,,,
5576,:tail,洗澡,,,,
5577,:tail,点一个披萨，看一场电影,,,,
5578,:tail,去见心理医生,,,,
5579,:tail,服用药物,,,,
5580,:tail,有人提议按摩脚,,,,
5581,:tail,有人在工作上很辛苦,,,,
5582,:tail,有人还能工作3个小时,,,,
5583,:tail,有人睡觉休息好了,,,,
5584,:head,自信的,,,,
5585,:head,服用药物,,,,
5586,:tail,对你说不客气,,,,
5587,:tail,给别人更多,,,,
5588,:tail,足智多谋的,,,,
5589,:tail,吝啬的,,,,
5590,:tail,遗憾的,,,,
5591,:tail,引起愤怒,,,,
5592,:tail,兴奋中跳跃,,,,
5593,:tail,得到一些东西,,,,
5594,:tail,要求某事,,,,
5595,:tail,拿走某物,,,,
5596,:tail,找便宜货,,,,
5597,:tail,抓住机会,,,,
5598,:tail,满意了。,,,,
5599,:tail,投桃报李,,,,
5600,:tail,感谢某人,,,,
5601,:tail,向自己表示祝贺,,,,
5602,:tail,利用他们所拥有的,,,,
5603,:head,足智多谋的,,,,
5604,:head,遗憾的,,,,
5605,:tail,Y被x惹恼了,,,,
5606,:tail,Y不想看到x,,,,
5607,:tail,某人对某人变得消极,,,,
5608,:tail,某人发现某人的一些消极的东西使他们心烦意乱,,,,
5609,:tail,会被说服,,,,
5610,:tail,捡东西,,,,
5611,:tail,报复,,,,
5612,:tail,与某人断绝关系,,,,
5613,:tail,爱妄下判断的,,,,
5614,:tail,对着,,,,
5615,:tail,从,,,,
5616,:tail,刻薄,,,,
5617,:tail,打他们,,,,
5618,:tail,对某人无礼,,,,
5619,:tail,因为让别人感到消极而对自己失望。,,,,
5620,:tail,因某人的反应而生气。,,,,
5621,:tail,幸灾乐祸,,,,
5622,:tail,再喊几声,,,,
5623,:head,报复,,,,
5624,:head,打他们,,,,
5625,:tail,fluish,,,,
5626,:tail,伤人,,,,
5627,:tail,打喷嚏,,,,
5628,:tail,行动迟缓／行动困难,,,,
5629,:tail,衣冠不整,,,,
5630,:tail,会犯错误,,,,
5631,:tail,他辞职了,,,,
5632,:tail,拆散他的关系,,,,
5633,:tail,有人得了流感,,,,
5634,:tail,自信,,,,
5635,:tail,安全的,,,,
5636,:tail,意志坚强,,,,
5637,:tail,有人成功了,,,,
5638,:tail,有人干得不错,,,,
5639,:tail,找到一份工作。,,,,
5640,:tail,感觉更快乐。,,,,
5641,:tail,考得好,,,,
5642,:tail,出色地完成一项任务,,,,
5643,:tail,对他们感到自信的东西进行大量的练习,,,,
5644,:tail,得到大量的练习,,,,
5645,:tail,学得透彻,,,,
5646,:tail,确定的,,,,
5647,:tail,当然,,,,
5648,:tail,炫耀他／她的技艺,,,,
5649,:tail,挑战他人以证明自己,,,,
5650,:tail,自信地做某事,,,,
5651,:tail,独自去做,,,,
5652,:tail,参加比赛,,,,
5653,:tail,参加考试,,,,
5654,:head,自信,,,,
5655,:head,安全的,,,,
5656,:head,确定的,,,,
5657,:tail,决定性的,,,,
5658,:tail,坚决的,,,,
5659,:tail,准备退出,,,,
5660,:tail,离开它,,,,
5661,:tail,抱怨,,,,
5662,:tail,扔掉它,,,,
5663,:tail,把它放下,,,,
5664,:tail,某人的眼睛很沉。,,,,
5665,:tail,放点音乐,,,,
5666,:tail,做运动,,,,
5667,:tail,变得无聊,,,,
5668,:tail,感到沮丧,,,,
5669,:tail,变得不耐烦,,,,
5670,:tail,树叶,,,,
5671,:tail,她一直在打字。,,,,
5672,:tail,她的手指疼。,,,,
5673,:tail,一遍又一遍地做某事,,,,
5674,:tail,练习某事,,,,
5675,:tail,不想再做了,,,,
5676,:tail,使用很长时间,,,,
5677,:tail,辞掉她的工作,,,,
5678,:tail,她住在街上。,,,,
5679,:tail,做别的事,,,,
5680,:tail,停止,,,,
5681,:tail,培养新的爱好,,,,
5682,:tail,不会再那样做了,,,,
5683,:tail,为了摆脱它,,,,
5684,:tail,把它送出去,,,,
5685,:tail,找点别的事做,,,,
5686,:tail,去找乐子,,,,
5687,:tail,休息一段时间,,,,
5688,:tail,有人养了只小狗,,,,
5689,:tail,有人几年前就开始抽烟了,,,,
5690,:tail,有人看电视节目,,,,
5691,:tail,每天都有人去游泳,,,,
5692,:tail,有人把小狗带到动物收容所,,,,
5693,:tail,有人打破了这个习惯,,,,
5694,:tail,有人换台了,,,,
5695,:tail,有人试着跑了一天,,,,
5696,:head,树叶,,,,
5697,:head,做别的事,,,,
5698,:head,找点别的事做,,,,
5699,:tail,有焦虑症,,,,
5700,:tail,穿上,,,,
5701,:tail,过载,,,,
5702,:tail,快走开。,,,,
5703,:tail,找个地方放松一下。,,,,
5704,:tail,他们想从某人的生活中消失,,,,
5705,:tail,令人胆怯的,,,,
5706,:tail,也会被人议论,,,,
5707,:tail,挥动拳头,,,,
5708,:tail,摇摇腿,,,,
5709,:tail,感觉很糟,,,,
5710,:tail,感到后悔,,,,
5711,:tail,通知某人,,,,
5712,:tail,给某人增加负担,,,,
5713,:tail,与某人分享消息,,,,
5714,:tail,计划出他们的想法和行动。,,,,
5715,:tail,找个人。,,,,
5716,:tail,想和某人在一起,,,,
5717,:tail,中立的,,,,
5718,:tail,把他们的观点表达出来。,,,,
5719,:tail,开始和某人谈话。,,,,
5720,:tail,平息事态,,,,
5721,:tail,改变他的行为,,,,
5722,:head,中立的,,,,
5723,:tail,怠惰的,,,,
5724,:tail,未收到付款,,,,
5725,:tail,被视为懒惰,,,,
5726,:tail,赔钱,,,,
5727,:tail,人之失,,,,
5728,:tail,真的很累,,,,
5729,:tail,去放松一下,,,,
5730,:tail,过着无忧无虑的生活,,,,
5731,:tail,去野营,,,,
5732,:tail,有人想拍电视,,,,
5733,:tail,有人醒来觉得不舒服,,,,
5734,:tail,经常拖延的人,,,,
5735,:tail,有人在窗外看电视,,,,
5736,:tail,有人给老板打电话请病假,,,,
5737,:tail,有人收到解雇通知书,,,,
5738,:tail,为某人寻求帮助,,,,
5739,:tail,需要帮助,,,,
5740,:tail,出,,,,
5741,:tail,寻求支持,,,,
5742,:tail,停止与他人交谈,,,,
5743,:tail,决定去看医生。,,,,
5744,:tail,有人下不了床,,,,
5745,:tail,有人一直在哭,,,,
5746,:tail,去找另一份工作。,,,,
5747,:tail,蓝色,,,,
5748,:tail,伤心。,,,,
5749,:tail,与好朋友交谈,,,,
5750,:tail,整天睡觉,,,,
5751,:tail,像现在这样继续下去,,,,
5752,:tail,做让他兴奋的事。,,,,
5753,:tail,躺在床上。,,,,
5754,:tail,有人在学校被欺负,,,,
5755,:tail,不便之处,,,,
5756,:tail,想知道为什么有人想打架,,,,
5757,:tail,接受某人的道歉,,,,
5758,:tail,好好对待他,,,,
5759,:tail,可耻的,,,,
5760,:tail,淘气的,,,,
5761,:tail,闹事者,,,,
5762,:tail,散布谣言,,,,
5763,:tail,两面派,,,,
5764,:tail,已被逮捕,,,,
5765,:tail,投入监狱,,,,
5766,:tail,受到惩罚,,,,
5767,:tail,昆虫纲,,,,
5768,:tail,制造问题,,,,
5769,:tail,为聚会穿衣服,,,,
5770,:tail,开车去参加聚会,,,,
5771,:tail,进入聚会室,,,,
5772,:tail,更糟的,,,,
5773,:tail,糟糕的是,,,,
5774,:tail,为制造麻烦而道歉,,,,
5775,:tail,离开派对,,,,
5776,:tail,纠正冤枉的事／人,,,,
5777,:tail,有人在电影院大喊大叫,,,,
5778,:tail,有人想偷偷摸摸,,,,
5779,:tail,有人在上课时大叫,,,,
5780,:tail,有人被开除了,,,,
5781,:tail,总得有人来收拾这个烂摊子,,,,
5782,:tail,有人受到老师的惩罚,,,,
5783,:head,受到惩罚,,,,
5784,:tail,使他振作起来,,,,
5785,:tail,惨重的,,,,
5786,:tail,体温,,,,
5787,:tail,找到让他们高兴的东西,,,,
5788,:tail,喝抗抑郁药,,,,
5789,:tail,饮料,,,,
5790,:tail,在床的另一边醒来,,,,
5791,:tail,睡眠质量不好,,,,
5792,:tail,喝得太多,,,,
5793,:tail,慢跑,,,,
5794,:tail,停止和家里的人谈话,,,,
5795,:tail,在房间里生闷气,,,,
5796,:tail,把他们的注意力从这上面移开,,,,
5797,:tail,有人丢了手表,,,,
5798,:tail,有人放弃了工作,,,,
5799,:head,体温,,,,
5800,:head,饮料,,,,
5801,:tail,视力有点模糊,,,,
5802,:tail,会被拆除,,,,
5803,:tail,遭到拒绝,,,,
5804,:tail,会变得更担心,,,,
5805,:tail,会破坏他的心情,,,,
5806,:tail,发疯,,,,
5807,:tail,有人伤害他们,,,,
5808,:tail,很不开心,,,,
5809,:tail,忘记事件,,,,
5810,:tail,使自己复活,,,,
5811,:tail,想喝点酒,,,,
5812,:tail,充分利用情况,,,,
5813,:tail,有人对别人刻薄，让他们哭泣,,,,
5814,:tail,有人打电话来道歉,,,,
5815,:tail,多和他聊聊,,,,
5816,:tail,给他更多的责任,,,,
5817,:tail,对自己有信心,,,,
5818,:tail,变得自信,,,,
5819,:tail,到自信的程度,,,,
5820,:tail,有更好的自尊,,,,
5821,:tail,变得更有活力,,,,
5822,:tail,变得有影响力,,,,
5823,:tail,变得更加活跃,,,,
5824,:tail,感到有准备,,,,
5825,:tail,被认为是好的,,,,
5826,:tail,变得更好,,,,
5827,:tail,相信自己,,,,
5828,:tail,透视生活,,,,
5829,:tail,学习社交技巧,,,,
5830,:tail,掌握窍门,,,,
5831,:tail,实现某事,,,,
5832,:tail,换新颜,,,,
5833,:tail,很感人，永生难忘,,,,
5834,:tail,坚定自信的,,,,
5835,:tail,有能力,,,,
5836,:tail,为了维护自己,,,,
5837,:tail,把自己注入生活,,,,
5838,:tail,更有社交性,,,,
5839,:tail,在生活中做得更好,,,,
5840,:tail,找工作,,,,
5841,:tail,成为总统,,,,
5842,:tail,为了赢得比赛,,,,
5843,:tail,有人把她的牙套拿掉了,,,,
5844,:tail,有人在课堂上炫耀她的微笑,,,,
5845,:head,对自己有信心,,,,
5846,:head,变得更有活力,,,,
5847,:head,变得有影响力,,,,
5848,:head,变得更加活跃,,,,
5849,:head,坚定自信的,,,,
5850,:tail,超期,,,,
5851,:tail,超速行驶,,,,
5852,:tail,成果丰硕的,,,,
5853,:tail,做其他事情的时间少了,,,,
5854,:tail,总是压力很大,,,,
5855,:tail,寻找更有效率的方法,,,,
5856,:tail,动作更快,,,,
5857,:tail,承担责任,,,,
5858,:tail,做许多工作,,,,
5859,:tail,找事情做,,,,
5860,:tail,成为工作狂,,,,
5861,:tail,安排繁忙的日程,,,,
5862,:tail,把时间花在家人身上,,,,
5863,:tail,女孩答应了邀请,,,,
5864,:tail,他在剧中扮演角色时人们都睡着了,,,,
5865,:tail,感到自信,,,,
5866,:tail,得到一个日期,,,,
5867,:tail,他决定加入戏剧俱乐部,,,,
5868,:tail,他邀请女孩参加舞会,,,,
5869,:tail,准备,,,,
5870,:tail,为了增强他的信心,,,,
5871,:tail,好好练习,,,,
5872,:tail,习惯吧,,,,
5873,:tail,表演精彩,,,,
5874,:tail,表现良好,,,,
5875,:tail,集中注意力,,,,
5876,:tail,有人向专家请教,,,,
5877,:tail,草率的,,,,
5878,:tail,对不起他,,,,
5879,:tail,冷漠的,,,,
5880,:tail,渴望的,,,,
5881,:tail,困在队列中,,,,
5882,:tail,快迟到了,,,,
5883,:tail,试图消磨时间,,,,
5884,:tail,被封印,,,,
5885,:tail,有脂肪,,,,
5886,:tail,鲁莽的行为,,,,
5887,:tail,是不稳定的,,,,
5888,:tail,坐立不安，轻敲他们的脚,,,,
5889,:tail,产生消极情绪,,,,
5890,:tail,准时,,,,
5891,:tail,在某处等待,,,,
5892,:tail,寄信,,,,
5893,:tail,等待付款,,,,
5894,:tail,去做他们需要做的事,,,,
5895,:tail,做不到,,,,
5896,:tail,等待某事,,,,
5897,:tail,为某事而工作,,,,
5898,:tail,果味浓郁,,,,
5899,:tail,冷静一点,,,,
5900,:tail,尽快实现他的愿望,,,,
5901,:tail,离开这个地方,,,,
5902,:tail,给某人打电话让他等着,,,,
5903,:tail,回到正常状态,,,,
5904,:tail,门上的东西,,,,
5905,:tail,为了能够得到乐趣,,,,
5906,:tail,挂断电话,,,,
5907,:tail,去不同的商店,,,,
5908,:tail,为了展示它,,,,
5909,:tail,至山墙,,,,
5910,:tail,去做别的事情,,,,
5911,:tail,有人在等待他们的朋友,,,,
5912,:tail,有人在排队,,,,
5913,:tail,有人排队等自动取款机,,,,
5914,:tail,有人排队等候,,,,
5915,:tail,有人离开了他们,,,,
5916,:tail,有人走出餐厅,,,,
5917,:tail,有人没钱离开,,,,
5918,:tail,有人开始坐立不安,,,,
5919,:tail,关心某人,,,,
5920,:tail,在社交场合中少见人,,,,
5921,:tail,看看哪里出了问题,,,,
5922,:tail,帮助他们康复,,,,
5923,:tail,内向的,,,,
5924,:tail,昏昏欲睡,,,,
5925,:tail,不做必要的工作,,,,
5926,:tail,变得昏昏欲睡,,,,
5927,:tail,变得没有动机,,,,
5928,:tail,不及格,,,,
5929,:tail,使事情不顺利,,,,
5930,:tail,不会因此而烦恼,,,,
5931,:tail,喝酒,,,,
5932,:tail,去买毒品,,,,
5933,:tail,寻求专业帮助,,,,
5934,:tail,为了让情况好转,,,,
5935,:tail,做些运动,,,,
5936,:tail,说说吧,,,,
5937,:tail,去旅行,,,,
5938,:tail,结束他的生命,,,,
5939,:tail,离家出走,,,,
5940,:tail,某人有很多问题,,,,
5941,:tail,有人和男朋友分手了,,,,
5942,:tail,有人独自在房间里哭泣,,,,
5943,:tail,有人去看心理医生,,,,
5944,:tail,有人约了心理医生,,,,
5945,:head,内向的,,,,
5946,:head,喝酒,,,,
5947,:head,做些运动,,,,
5948,:head,结束他的生命,,,,
5949,:tail,卷入的,,,,
5950,:tail,烦恼,,,,
5951,:tail,定罪,,,,
5952,:tail,得到专业帮助。,,,,
5953,:tail,精神要好。,,,,
5954,:tail,不愿意的,,,,
5955,:tail,找到出路,,,,
5956,:tail,为了自由,,,,
5957,:tail,新区,,,,
5958,:tail,好东西,,,,
5959,:tail,有人进了电梯,,,,
5960,:tail,有人掉进井里,,,,
5961,:tail,有人听到门砰的一声关上了,,,,
5962,:tail,有人在下一层下车,,,,
5963,:tail,有人大声呼救,,,,
5964,:tail,有人冲过去重新开门,,,,
5965,:tail,为了让他们好起来,,,,
5966,:tail,如果他们需要帮助,,,,
5967,:tail,和他们在一起，现在他们都好了,,,,
5968,:tail,告诉他们他们很高兴,,,,
5969,:tail,询问某人是否需要什么,,,,
5970,:tail,给某人带些吃的,,,,
5971,:tail,去看看他们怎么样了,,,,
5972,:tail,以确保他们没事,,,,
5973,:tail,和他们一起玩,,,,
5974,:tail,康复,,,,
5975,:tail,健康的,,,,
5976,:tail,落伍者,,,,
5977,:tail,恢复活力,,,,
5978,:tail,聪明的,,,,
5979,:tail,复活,,,,
5980,:tail,积极的,,,,
5981,:tail,刷新,,,,
5982,:tail,快乐的,,,,
5983,:tail,更健康,,,,
5984,:tail,完成,,,,
5985,:tail,放心的,,,,
5986,:tail,如释重负。,,,,
5987,:tail,实用的,,,,
5988,:tail,知识渊博,,,,
5989,:tail,正常的,,,,
5990,:tail,易怒的,,,,
5991,:tail,意气风发,,,,
5992,:tail,乐观的,,,,
5993,:tail,将卸任的,,,,
5994,:tail,痊愈,,,,
5995,:tail,毅力,,,,
5996,:tail,适合,,,,
5997,:tail,一致的,,,,
5998,:tail,有益于健康的,,,,
5999,:tail,热情的,,,,
6000,:tail,有福的,,,,
6001,:tail,幸运的,,,,
6002,:tail,成熟的,,,,
6003,:tail,有人更有活力,,,,
6004,:tail,有人能更好地集中注意力,,,,
6005,:tail,帮他们退烧,,,,
6006,:tail,得到更多的能量。,,,,
6007,:tail,多吃点东西。,,,,
6008,:tail,变得更健康,,,,
6009,:tail,充满了能量,,,,
6010,:tail,变得活跃,,,,
6011,:tail,去购物,,,,
6012,:tail,停止投掷,,,,
6013,:tail,步行进城,,,,
6014,:tail,更有效,,,,
6015,:tail,吃得更好,,,,
6016,:tail,会被邀请出去,,,,
6017,:tail,病倒,,,,
6018,:tail,他的身体感觉精力充沛,,,,
6019,:tail,他移动得更好,,,,
6020,:tail,伸展他们的手臂,,,,
6021,:tail,多笑笑,,,,
6022,:tail,回到正常的生活,,,,
6023,:tail,去了洗手间,,,,
6024,:tail,冲水马桶,,,,
6025,:tail,身体充满活力,,,,
6026,:tail,他们感到警觉,,,,
6027,:tail,变得精力充沛,,,,
6028,:tail,每天锻炼,,,,
6029,:tail,开派对,,,,
6030,:tail,今天过得愉快,,,,
6031,:tail,不再生病,,,,
6032,:tail,忘记疾病,,,,
6033,:tail,回到日常的责任,,,,
6034,:tail,得到锻炼,,,,
6035,:tail,他得到了工作机会,,,,
6036,:tail,现在他可以赚,,,,
6037,:tail,他要去上班,,,,
6038,:tail,只是在想,,,,
6039,:tail,开始外出,,,,
6040,:tail,他放松了一些,,,,
6041,:tail,他的日子越过越好,,,,
6042,:tail,情绪好转,,,,
6043,:tail,获得能源,,,,
6044,:tail,体温稳定,,,,
6045,:tail,返回工作岗位,,,,
6046,:tail,会被问到他们的感受,,,,
6047,:tail,得到调养恢复健康,,,,
6048,:tail,很早就醒了,,,,
6049,:tail,少喝药物,,,,
6050,:tail,被邀请外出,,,,
6051,:tail,把工作做完,,,,
6052,:tail,知道是什么帮助他们康复,,,,
6053,:tail,现在必须回去工作,,,,
6054,:tail,又病了,,,,
6055,:tail,被叫回去工作,,,,
6056,:tail,认识人,,,,
6057,:tail,去办公室,,,,
6058,:tail,挣钱,,,,
6059,:tail,新鲜的生活,,,,
6060,:tail,喜欢她爸爸,,,,
6061,:tail,会见朋友,,,,
6062,:tail,打板球,,,,
6063,:tail,做工作,,,,
6064,:tail,为了摆脱不良情绪。,,,,
6065,:tail,去感受,,,,
6066,:tail,感觉又好了,,,,
6067,:tail,治好,,,,
6068,:tail,感觉,,,,
6069,:tail,一直不舒服,,,,
6070,:tail,到休息了,,,,
6071,:tail,为了得到补救,,,,
6072,:tail,好好休息,,,,
6073,:tail,吃得健康,,,,
6074,:tail,吃让他恶心的东西。,,,,
6075,:tail,去洗手间。,,,,
6076,:tail,得了流感,,,,
6077,:tail,准备好,,,,
6078,:tail,去吃晚饭,,,,
6079,:tail,去散步让自己感觉更好,,,,
6080,:tail,做瑜伽让自己感觉更好,,,,
6081,:tail,买些汽水。,,,,
6082,:tail,喝很多。,,,,
6083,:tail,感到恶心。,,,,
6084,:tail,吃药。,,,,
6085,:tail,喝水。,,,,
6086,:tail,吃一顿好饭,,,,
6087,:tail,好好休息！,,,,
6088,:tail,服药,,,,
6089,:tail,喝很多果汁,,,,
6090,:tail,他真的要尿尿。,,,,
6091,:tail,等得太久了。,,,,
6092,:tail,做些放松的事,,,,
6093,:tail,体温很高。,,,,
6094,:tail,吃了他们的药,,,,
6095,:tail,已经休息了,,,,
6096,:tail,去看过医生,,,,
6097,:tail,生病。,,,,
6098,:tail,做些什么来提升他的情绪,,,,
6099,:tail,有病,,,,
6100,:tail,休息了一会儿,,,,
6101,:tail,感觉不太好,,,,
6102,:tail,吃健康食品,,,,
6103,:tail,喝足够的水,,,,
6104,:tail,睡了一整夜。,,,,
6105,:tail,跑去洗手间。,,,,
6106,:tail,病倒了,,,,
6107,:tail,好点了,,,,
6108,:tail,忌妒的,,,,
6109,:tail,快乐而不再忧虑,,,,
6110,:tail,疼痛缓解,,,,
6111,:tail,蛋,,,,
6112,:tail,更好（更健康）,,,,
6113,:tail,少生病,,,,
6114,:tail,更像他们自己。,,,,
6115,:tail,现在好多了,,,,
6116,:tail,不那么糟糕,,,,
6117,:tail,更新和更新,,,,
6118,:tail,改良,,,,
6119,:tail,比以前好多了,,,,
6120,:tail,吃食物,,,,
6121,:tail,感受他们最好的一面,,,,
6122,:tail,起床锻炼,,,,
6123,:tail,吃了一顿美餐,,,,
6124,:tail,出去玩玩,,,,
6125,:tail,散步,,,,
6126,:tail,开始工作,,,,
6127,:tail,出去走走,,,,
6128,:tail,出去享受这一天,,,,
6129,:tail,使自己变得更好,,,,
6130,:tail,出去玩吧。,,,,
6131,:tail,和她的朋友在一起。,,,,
6132,:tail,找东西吃,,,,
6133,:tail,休息至完全康复,,,,
6134,:tail,恢复职务,,,,
6135,:tail,去市场买杂货,,,,
6136,:tail,出去庆祝一下,,,,
6137,:tail,为了保持更好,,,,
6138,:tail,散步后洗澡,,,,
6139,:tail,出去,,,,
6140,:tail,沉积作用,,,,
6141,:tail,下次不要喝那么多。,,,,
6142,:tail,别忘了洗手间在哪。,,,,
6143,:tail,去玩。,,,,
6144,:tail,做差事。,,,,
6145,:tail,去赚钱。,,,,
6146,:tail,为了放松。,,,,
6147,:tail,去跑步,,,,
6148,:tail,常餐,,,,
6149,:tail,再喝点山露。,,,,
6150,:tail,多看电视。,,,,
6151,:tail,为了让自己感觉更好,,,,
6152,:tail,吃点东西吧。,,,,
6153,:tail,感,,,,
6154,:tail,今天继续,,,,
6155,:tail,吃,,,,
6156,:tail,去上学,,,,
6157,:tail,吃点冰淇淋,,,,
6158,:tail,伸展腿,,,,
6159,:tail,从床上爬起来。,,,,
6160,:tail,再次感觉非常好。,,,,
6161,:tail,去吃点东西,,,,
6162,:tail,摆脱,,,,
6163,:tail,为了健康,,,,
6164,:tail,更有成就,,,,
6165,:tail,回去工作或上学,,,,
6166,:tail,去找医生,,,,
6167,:tail,养成健康的习惯,,,,
6168,:tail,去喝一杯,,,,
6169,:tail,吃点东西,,,,
6170,:tail,伸个懒腰,,,,
6171,:tail,去找医生检查,,,,
6172,:tail,完成一些工作,,,,
6173,:tail,放松和享受自己,,,,
6174,:tail,从房子里出来,,,,
6175,:tail,保持满足,,,,
6176,:tail,去享受生活,,,,
6177,:tail,换内裤。,,,,
6178,:tail,洗个澡。,,,,
6179,:tail,回到学校,,,,
6180,:tail,吃规定的药,,,,
6181,:tail,做早餐,,,,
6182,:tail,为某人高兴。,,,,
6183,:tail,收拾了x的烂摊子累了,,,,
6184,:tail,有人因流感去看医生,,,,
6185,:tail,有人因为生病去看医生,,,,
6186,:tail,有人因流感症状去看医生并接受药物治疗,,,,
6187,:tail,某人因生病提早下班,,,,
6188,:tail,有人吃了药,,,,
6189,:tail,有人肚子疼后吃了一碗鸡汤面,,,,
6190,:tail,有人胃不舒服,,,,
6191,:tail,有人大声尖叫,,,,
6192,:tail,有人小睡了一会儿,,,,
6193,:tail,某人下班后锻炼,,,,
6194,:tail,有人把疝气治好,,,,
6195,:tail,有人病了一晚上,,,,
6196,:tail,有人吃了很多药,,,,
6197,:tail,有人在一天紧张的工作后小睡一会,,,,
6198,:tail,有人回去工作了,,,,
6199,:tail,有人出去了,,,,
6200,:tail,有人能够站起来，在白天走动,,,,
6201,:tail,有人从流感中康复了,,,,
6202,:tail,有人决定吃玉米卷,,,,
6203,:tail,有人待在家里,,,,
6204,:tail,有人和朋友出去,,,,
6205,:tail,有人打电话给朋友,,,,
6206,:tail,有人能更有效率,,,,
6207,:tail,有人完成了更多的工作,,,,
6208,:tail,有人去看理疗师,,,,
6209,:head,积极的,,,,
6210,:head,完成,,,,
6211,:head,挣钱,,,,
6212,:head,会见朋友,,,,
6213,:head,出去走走,,,,
6214,:head,出去,,,,
6215,:tail,让他们准时出现,,,,
6216,:tail,帮助他们工作,,,,
6217,:tail,心不在焉,,,,
6218,:tail,迟到的,,,,
6219,:tail,混乱的,,,,
6220,:tail,有人被教训,,,,
6221,:tail,有人被解雇了,,,,
6222,:tail,有人失业了,,,,
6223,:tail,高速驾驶汽车,,,,
6224,:tail,早起,,,,
6225,:tail,健忘,,,,
6226,:tail,懒惰,,,,
6227,:tail,很忙,,,,
6228,:tail,睡懒觉,,,,
6229,:tail,拔掉闹钟的插头,,,,
6230,:tail,为了保住工作,,,,
6231,:tail,停止迟到,,,,
6232,:tail,努力做得更好,,,,
6233,:tail,做他们的工作,,,,
6234,:tail,跳上公共汽车,,,,
6235,:tail,有人上班迟到,,,,
6236,:tail,某人被别人叫到办公室,,,,
6237,:tail,有人想让某人停止做那些烦人的事,,,,
6238,:tail,某人对某人感到失望,,,,
6239,:tail,不喜欢某人,,,,
6240,:tail,不说话了,,,,
6241,:tail,有人生气了,,,,
6242,:tail,有人大叫或离开,,,,
6243,:tail,愤怒被打扰。,,,,
6244,:tail,叫喊,,,,
6245,:tail,要求停止,,,,
6246,:tail,去一个新的地方,,,,
6247,:tail,继续骚扰某人,,,,
6248,:tail,对某人放松,,,,
6249,:tail,对某人发火,,,,
6250,:tail,幼稚的,,,,
6251,:tail,烦死了,,,,
6252,:tail,对抗,,,,
6253,:tail,令人沮丧的,,,,
6254,:tail,极讨厌的,,,,
6255,:tail,粗鲁的,,,,
6256,:tail,是幸福的,,,,
6257,:tail,忽视,,,,
6258,:tail,工作繁忙原因,,,,
6259,:tail,争辩,,,,
6260,:tail,呼喊,,,,
6261,:tail,被告知离开,,,,
6262,:tail,挨打,,,,
6263,:tail,狡诈,,,,
6264,:tail,很无聊,,,,
6265,:tail,引起别人的注意,,,,
6266,:tail,引起注意,,,,
6267,:tail,很烦人,,,,
6268,:tail,打扰你,,,,
6269,:tail,与你交谈,,,,
6270,:tail,找出他们的诱因,,,,
6271,:tail,引爆他们,,,,
6272,:tail,接近某人,,,,
6273,:tail,与某人交往,,,,
6274,:tail,问了很多问题,,,,
6275,:tail,大声哼唱,,,,
6276,:tail,给某人挠痒痒,,,,
6277,:tail,一直说太多,,,,
6278,:tail,装傻,,,,
6279,:tail,逗乐的,,,,
6280,:tail,因反应而悲伤,,,,
6281,:tail,打扰某人,,,,
6282,:tail,被某人接受,,,,
6283,:tail,继续说,,,,
6284,:tail,坐近点,,,,
6285,:tail,一直骚扰他们,,,,
6286,:tail,得到一个反应,,,,
6287,:tail,为了逃脱,,,,
6288,:tail,去休息,,,,
6289,:tail,找别人一起玩,,,,
6290,:head,不喜欢某人,,,,
6291,:head,叫喊,,,,
6292,:head,粗鲁的,,,,
6293,:head,争辩,,,,
6294,:head,很烦人,,,,
6295,:tail,失去的,,,,
6296,:tail,心烦意乱的,,,,
6297,:tail,不经心,,,,
6298,:tail,把食物烧掉,,,,
6299,:tail,落后,,,,
6300,:tail,被叫出来,,,,
6301,:tail,出了意外,,,,
6302,:tail,失去平衡,,,,
6303,:tail,损失,,,,
6304,:tail,学习,,,,
6305,:tail,专心于某事,,,,
6306,:tail,分心,,,,
6307,:tail,听到人们在打架,,,,
6308,:tail,在嘈杂的地方工作,,,,
6309,:tail,重新集中注意力,,,,
6310,:tail,回到正轨,,,,
6311,:tail,捂住耳朵,,,,
6312,:tail,戴上耳机,,,,
6313,:tail,有人被击中头部,,,,
6314,:tail,有人抽很多大麻,,,,
6315,:head,学习,,,,
6316,:tail,有人打了别人,,,,
6317,:tail,有人开始大叫,,,,
6318,:tail,计划复仇,,,,
6319,:tail,对某人进行报复,,,,
6320,:tail,变成红色,,,,
6321,:tail,对x如此讨厌而生气,,,,
6322,:tail,愤怒的x做了他们所做的。,,,,
6323,:tail,恼火,,,,
6324,:tail,与某人无关。,,,,
6325,:tail,别再做朋友了。,,,,
6326,:tail,发泄怒气,,,,
6327,:tail,不能再做朋友了。,,,,
6328,:tail,去谈论发生的事。,,,,
6329,:tail,对某人大喊大叫,,,,
6330,:tail,别和别人说话,,,,
6331,:tail,烦人的,,,,
6332,:tail,狡猾的,,,,
6333,:tail,暴怒的,,,,
6334,:tail,狂怒的,,,,
6335,:tail,搅动,,,,
6336,:tail,使人泄气的,,,,
6337,:tail,残酷的,,,,
6338,:tail,敌意的,,,,
6339,:tail,大发脾气,,,,
6340,:tail,怒视某人,,,,
6341,:tail,与某人争吵,,,,
6342,:tail,遭到报复,,,,
6343,:tail,嘲笑别人的状况,,,,
6344,:tail,他们很暴力,,,,
6345,:tail,他们会进监狱,,,,
6346,:tail,报复某人,,,,
6347,:tail,为了证明一点,,,,
6348,:tail,离我远点,,,,
6349,:tail,讨厌的人,,,,
6350,:tail,令人沮丧,,,,
6351,:tail,被某人冒犯,,,,
6352,:tail,制定计划使某人发疯,,,,
6353,:tail,把那个计划付诸行动,,,,
6354,:tail,做错事。,,,,
6355,:tail,张开嘴。,,,,
6356,:tail,与某人接触,,,,
6357,:tail,对某人做某事或说某事,,,,
6358,:tail,侮辱y,,,,
6359,:tail,向y借钱,,,,
6360,:tail,确信他使某人生气,,,,
6361,:tail,把别人惹毛了。,,,,
6362,:tail,为她的错误道歉。,,,,
6363,:tail,为了补偿某人。,,,,
6364,:tail,接受反应,,,,
6365,:tail,去道歉。,,,,
6366,:tail,去问为什么。,,,,
6367,:tail,激怒某人,,,,
6368,:tail,向你道歉,,,,
6369,:tail,脱身,,,,
6370,:tail,有人走过时粗暴地推了别人一把,,,,
6371,:tail,有人丢了别人的笔记本电脑,,,,
6372,:tail,有人大声打嗝,,,,
6373,:tail,有人使劲推别人,,,,
6374,:tail,有人继续走开，无视他人,,,,
6375,:tail,有人给别人买了一台新笔记本电脑,,,,
6376,:tail,有人试图让别人冷静下来,,,,
6377,:tail,有人脸上挨了一拳,,,,
6378,:tail,振作起来，朋友,,,,
6379,:tail,帮助朋友完成目标,,,,
6380,:tail,寻求治疗,,,,
6381,:tail,想引起注意,,,,
6382,:tail,感到悲伤,,,,
6383,:tail,感觉不被爱,,,,
6384,:tail,已降解,,,,
6385,:tail,自我感觉良好,,,,
6386,:tail,呆在家里,,,,
6387,:tail,为了躲避人们,,,,
6388,:tail,去上自助课,,,,
6389,:tail,与朋友交谈,,,,
6390,:tail,找心理医生谈谈,,,,
6391,:tail,提高自我,,,,
6392,:tail,有人在公共场合,,,,
6393,:tail,不感兴趣的,,,,
6394,:tail,晋升,,,,
6395,:tail,实践更多,,,,
6396,:tail,没有任何好处,,,,
6397,:tail,要彻底,,,,
6398,:tail,需要完成一项任务,,,,
6399,:tail,必须有所收获,,,,
6400,:tail,好像他们没有尽力,,,,
6401,:tail,乐于做完成任务所需的事情。,,,,
6402,:tail,因为失败而沮丧。,,,,
6403,:tail,有人想把他的卡车修好,,,,
6404,:tail,有人为他做得很好而自豪,,,,
6405,:head,不感兴趣的,,,,
6406,:tail,惊叫,,,,
6407,:tail,为了安全跑回家,,,,
6408,:tail,卷起,,,,
6409,:tail,在一个可怕的物体周围,,,,
6410,:tail,面临危险,,,,
6411,:tail,想想后果吧,,,,
6412,:tail,好像他会受到严重的伤害,,,,
6413,:tail,关于家庭的思考,,,,
6414,:tail,特征,,,,
6415,:tail,藏起来,,,,
6416,:tail,惊恐地尖叫,,,,
6417,:tail,有人看见一只蜘蛛,,,,
6418,:tail,有人杀了蜘蛛,,,,
6419,:tail,紧张,,,,
6420,:tail,强迫性的,,,,
6421,:tail,睡不好觉,,,,
6422,:tail,变得神经崩溃,,,,
6423,:tail,不睡觉,,,,
6424,:tail,减肥,,,,
6425,:tail,好的结果,,,,
6426,:tail,有人很担心,,,,
6427,:tail,没有解决办法,,,,
6428,:tail,陷入某种困境,,,,
6429,:tail,伐木,,,,
6430,:tail,去想快乐的想法,,,,
6431,:tail,有人把所有的钱都用来赌博,,,,
6432,:tail,有人戒掉了赌博的习惯,,,,
6433,:tail,看他是否需要更多的工作,,,,
6434,:tail,付给他工钱,,,,
6435,:tail,温驯的,,,,
6436,:tail,认真的,,,,
6437,:tail,有才干的,,,,
6438,:tail,压力增加体重,,,,
6439,:tail,实现他的目标,,,,
6440,:tail,报名加班,,,,
6441,:tail,需要钱,,,,
6442,:tail,赚外快,,,,
6443,:tail,为美好的事物存钱,,,,
6444,:tail,以确保他们的财务状况良好,,,,
6445,:tail,请一天假,,,,
6446,:tail,加班费,,,,
6447,:tail,没有人被侮辱,,,,
6448,:tail,无人受伤,,,,
6449,:tail,观察某人,,,,
6450,:tail,与某人达成协议,,,,
6451,:tail,坦诚的,,,,
6452,:tail,迟钝的,,,,
6453,:tail,有人不会激怒任何人,,,,
6454,:tail,不会有人打人,,,,
6455,:tail,变得肮脏,,,,
6456,:tail,是拳击,,,,
6457,:tail,参加谈判会议,,,,
6458,:tail,引起他们的注意,,,,
6459,:tail,去对付他们,,,,
6460,:tail,克制的,,,,
6461,:tail,做不到他们所能做的,,,,
6462,:tail,不和任何人争论他们的观点,,,,
6463,:tail,不会伤得太深,,,,
6464,:tail,达成协议,,,,
6465,:tail,总想着别人,,,,
6466,:tail,某人一看到别人紧张就出汗,,,,
6467,:tail,着迷的,,,,
6468,:tail,以x的思想为中心,,,,
6469,:tail,他们的空间,,,,
6470,:tail,缓慢地互动,,,,
6471,:tail,认识x,,,,
6472,:tail,和x做朋友,,,,
6473,:tail,停止想某人,,,,
6474,:tail,有吸引力的,,,,
6475,:tail,迷人的,,,,
6476,:tail,违反,,,,
6477,:tail,变得害怕,,,,
6478,:tail,意识到某人,,,,
6479,:tail,被吸引到,,,,
6480,:tail,固恋,,,,
6481,:tail,给人留下印象,,,,
6482,:tail,对某人感兴趣,,,,
6483,:tail,享受关注,,,,
6484,:tail,成为关注的焦点,,,,
6485,:tail,远离某人,,,,
6486,:tail,对某人发出保护令,,,,
6487,:tail,有需要,,,,
6488,:tail,强迫的,,,,
6489,:tail,得到了帮助,,,,
6490,:tail,得到支持,,,,
6491,:tail,擦干眼泪,,,,
6492,:tail,找个人帮忙,,,,
6493,:tail,试图做某事,,,,
6494,:tail,听到坏消息,,,,
6495,:tail,感到被赋予力量,,,,
6496,:tail,为了改变他的处境,,,,
6497,:tail,有人用绳子吊在悬崖上,,,,
6498,:tail,有人看到一个孩子在哭,,,,
6499,:tail,有人掉了一个卡通蛋,,,,
6500,:tail,有人摔死了,,,,
6501,:tail,有人试图和孩子说话,,,,
6502,:tail,有人拿拖把来清理,,,,
6503,:tail,崇拜明星的,,,,
6504,:tail,新来的,,,,
6505,:tail,极为激动,,,,
6506,:tail,被言语绊倒,,,,
6507,:tail,听到一些好消息,,,,
6508,:tail,听说他们得到了这份工作,,,,
6509,:tail,获得面试邀请,,,,
6510,:tail,好像好事就要发生了,,,,
6511,:tail,告诉大家,,,,
6512,:tail,有人为约会穿好衣服,,,,
6513,:tail,有人喝了杯苏格兰威士忌,,,,
6514,:tail,更愿意谈论和讨论他们的意见,,,,
6515,:tail,他们升职了,,,,
6516,:tail,他们加薪了,,,,
6517,:tail,尝试不同的东西,,,,
6518,:tail,抬起下巴,,,,
6519,:tail,变得更有动力,,,,
6520,:tail,已确定,,,,
6521,:tail,自我感觉良好。,,,,
6522,:tail,在工作和人际关系上取得成功,,,,
6523,:tail,对自己好,,,,
6524,:tail,喜欢与人交谈并公开表达自己,,,,
6525,:tail,为了炫耀,,,,
6526,:tail,完成伟大的任务,,,,
6527,:tail,拥有美好的一天,,,,
6528,:tail,在剧中试演一个角色,,,,
6529,:tail,约某个女孩出去,,,,
6530,:tail,有人上声乐课,,,,
6531,:tail,有人在婚礼上唱歌,,,,
6532,:tail,控制台x,,,,
6533,:tail,向x道歉,,,,
6534,:tail,分享所有,,,,
6535,:tail,学习新技能,,,,
6536,:tail,去经历一件令人沮丧的事。,,,,
6537,:tail,学一些令人沮丧的东西。,,,,
6538,:tail,好好哭一场。,,,,
6539,:tail,冷静一下。,,,,
6540,:tail,变冷淡,,,,
6541,:tail,客观地表达他的感情,,,,
6542,:tail,有人打不开罐子,,,,
6543,:tail,有人把罐子扔到墙上,,,,
6544,:tail,不是自我激励,,,,
6545,:tail,没有动力,,,,
6546,:tail,缺乏想象力的,,,,
6547,:tail,没人居住的,,,,
6548,:tail,未订婚,,,,
6549,:tail,不满,,,,
6550,:tail,彻底崩溃,,,,
6551,:tail,固执己见的,,,,
6552,:tail,裁决的,,,,
6553,:tail,他们想找点事做,,,,
6554,:tail,他们开始读,,,,
6555,:tail,做些什么,,,,
6556,:tail,打开电视,,,,
6557,:tail,开始看电视,,,,
6558,:tail,关掉电视,,,,
6559,:tail,有人在做白日梦,,,,
6560,:tail,读一本书,,,,
6561,:tail,会分心,,,,
6562,:tail,在表演中点点头,,,,
6563,:tail,someoneX为Xbox购买新闻游戏。,,,,
6564,:tail,有人玩新游戏,,,,
6565,:tail,独自坐在家里,,,,
6566,:tail,独自驾车,,,,
6567,:tail,没有任何事情可做,,,,
6568,:tail,去看电影,,,,
6569,:tail,玩一个新游戏,,,,
6570,:tail,看了它,,,,
6571,:tail,读了它,,,,
6572,:tail,在任务上呆呆的呆一会儿,,,,
6573,:tail,不以为意的,,,,
6574,:tail,找一个好玩的地方去,,,,
6575,:tail,找些有趣的事做,,,,
6576,:tail,做有趣的事,,,,
6577,:tail,和朋友出去,,,,
6578,:tail,有事可做,,,,
6579,:tail,看电影,,,,
6580,:tail,提早离开,,,,
6581,:tail,别玩了,,,,
6582,:tail,告诉大家他们的想法,,,,
6583,:tail,别再看了,,,,
6584,:tail,把钱要回来,,,,
6585,:tail,有人看完电影回家了,,,,
6586,:tail,有人在看书,,,,
6587,:tail,有人在网上写评论,,,,
6588,:tail,有人把书放下,,,,
6589,:tail,有人在布道时浏览社交媒体,,,,
6590,:tail,胆小的人,,,,
6591,:tail,事业上的损失,,,,
6592,:tail,浪费精力,,,,
6593,:tail,笑,,,,
6594,:tail,不断尝试,,,,
6595,:tail,坚持不懈,,,,
6596,:tail,试着跑马拉松,,,,
6597,:tail,首先做某事,,,,
6598,:tail,因做某事而疲惫不堪,,,,
6599,:tail,休息一下以帮助应付,,,,
6600,:tail,坐下来冷静一下,,,,
6601,:tail,投降,,,,
6602,:tail,有人练习加入篮球队,,,,
6603,:tail,有人听着别人的鼓舞士气，并不放弃,,,,
,,,2131,2134,xReact,
,,,2131,2135,xReact,
,,,2136,2137,xReact,
,,,2136,2138,xReact,
,,,2136,2139,oReact,
,,,2136,2140,xReact,
,,,2136,2141,oReact,
,,,2136,2142,oReact,
,,,2136,2143,xAttr,
,,,2136,2144,xAttr,
,,,2136,2145,xAttr,
,,,2136,2146,xAttr,
,,,2136,2147,xReact,
,,,2136,2148,xAttr,
,,,2136,2149,xAttr,
,,,2136,2150,oReact,
,,,2136,2151,xReact,
,,,2136,2152,xAttr,
,,,2136,2153,xReact,
,,,2136,2154,xReact,
,,,2136,2155,xReact,
,,,2136,2156,xAttr,
,,,2136,2157,xAttr,
,,,2136,2158,xReact,
,,,2136,2159,oReact,
,,,2136,2160,oReact,
,,,2161,2162,xReact,
,,,2161,2163,oReact,
,,,2161,2139,xAttr,
,,,2161,2164,xReact,
,,,2161,2142,xReact,
,,,2161,2146,oReact,
,,,2161,2165,oReact,
,,,2161,2156,xReact,
,,,2161,2166,oReact,
,,,2161,2167,xAttr,
,,,2161,2168,oReact,
,,,2161,2158,xReact,
,,,2161,2169,xReact,
,,,2161,2170,oReact,
,,,2161,2171,oWant,
,,,2161,2172,xReact,
,,,2173,2174,xAttr,
,,,2173,2165,xAttr,
,,,2173,2170,xAttr,
,,,2175,2176,xAttr,
,,,2177,2137,xReact,
,,,2177,2138,xReact,
,,,2177,2139,xAttr,
,,,2177,2178,xAttr,
,,,2177,2143,xAttr,
,,,2177,2144,xReact,
,,,2177,2145,xReact,
,,,2177,2179,xAttr,
,,,2177,2146,xAttr,
,,,2177,2147,xReact,
,,,2177,2180,xReact,
,,,2177,2181,xReact,
,,,2177,2152,xReact,
,,,2177,2182,xAttr,
,,,2177,2154,xReact,
,,,2177,2183,xAttr,
,,,2177,2155,xReact,
,,,2177,2169,xReact,
,,,2177,2184,xAttr,
,,,2177,2185,xAttr,
,,,2177,2160,xReact,
,,,2177,2186,xAttr,
,,,2187,2171,xAttr,
,,,2188,2137,xReact,
,,,2188,2176,xAttr,
,,,2188,2164,xReact,
,,,2188,2132,xReact,
,,,2188,2141,oReact,
,,,2188,2143,xAttr,
,,,2188,2145,xAttr,
,,,2188,2146,xAttr,
,,,2188,2147,xReact,
,,,2188,2180,xReact,
,,,2188,2148,xAttr,
,,,2188,2181,xReact,
,,,2188,2149,xAttr,
,,,2188,2150,oReact,
,,,2188,2151,xReact,
,,,2188,2152,xReact,
,,,2188,2153,xReact,
,,,2188,2154,xAttr,
,,,2188,2183,xReact,
,,,2188,2169,xReact,
,,,2188,2184,xReact,
,,,2189,2180,xAttr,
,,,2190,2191,xNeed,
,,,2192,2193,xEffect,
,,,2192,2191,xNeed,
,,,2194,2195,xReact,
,,,2194,2196,xAttr,
,,,2194,2197,xAttr,
,,,2194,2198,xAttr,
,,,2194,2191,xAttr,
,,,2194,2199,xAttr,
,,,2194,2200,xAttr,
,,,2201,2163,xReact,
,,,2201,2176,xReact,
,,,2201,2132,oReact,
,,,2201,2165,xReact,
,,,2202,2203,xWant,
,,,2202,2137,xWant,
,,,2202,2138,xWant,
,,,2202,2204,xWant,
,,,2202,2193,xWant,
,,,2202,2147,xWant,
,,,2202,2205,xWant,
,,,2202,2153,xWant,
,,,2202,2206,xIntent,
,,,2202,2191,xWant,
,,,2202,2200,xWant,
,,,2207,2208,xWant,
,,,2207,2209,xWant,
,,,2207,2140,xWant,
,,,2207,2210,xWant,
,,,2207,2179,xWant,
,,,1996,2211,oReact,
,,,1996,2212,oReact,
,,,1996,2213,oReact,
,,,1996,2214,xReact,
,,,1996,2215,xAttr,
,,,1996,2216,xReact,
,,,1996,2217,xAttr,
,,,1996,2218,xAttr,
,,,1996,2219,xAttr,
,,,1996,2220,xEffect,
,,,1996,2221,xEffect,
,,,1996,2222,xEffect,
,,,1996,2223,xEffect,
,,,1996,2224,xEffect,
,,,1996,2225,xEffect,
,,,1996,2226,xNeed,
,,,1996,2227,xNeed,
,,,1996,2228,xNeed,
,,,1996,2229,xNeed,
,,,1996,2230,xReact,
,,,1996,2231,xWant,
,,,1996,2232,xWant,
,,,1996,2233,xWant,
,,,1996,2234,isAfter,
,,,1996,2235,isAfter,
,,,1996,2236,isAfter,
,,,1996,2237,isBefore,
,,,1996,2238,isBefore,
,,,2239,2240,xAttr,
,,,2239,2146,xReact,
,,,2239,2241,xReact,
,,,2239,2242,xReact,
,,,2239,2243,xReact,
,,,2239,2156,xReact,
,,,2239,2169,xReact,
,,,2244,2138,xAttr,
,,,2244,2183,oReact,
,,,2244,2245,xReact,
,,,2246,2247,xReact,
,,,2246,2198,xReact,
,,,2246,2206,xReact,
,,,2246,2248,xAttr,
,,,2246,2249,xReact,
,,,2246,2250,xAttr,
,,,2251,2208,xReact,
,,,2251,2193,xAttr,
,,,2251,2252,xAttr,
,,,2251,2253,xReact,
,,,2251,2254,xReact,
,,,2251,2210,xReact,
,,,2251,2255,xReact,
,,,2251,2247,xReact,
,,,2251,2256,xReact,
,,,2251,2156,xAttr,
,,,2251,2257,xReact,
,,,2251,2258,xEffect,
,,,2259,2208,xAttr,
,,,2259,2260,xAttr,
,,,2259,2209,xAttr,
,,,2259,2193,xAttr,
,,,2259,2253,xAttr,
,,,2259,2254,xAttr,
,,,2259,2140,xReact,
,,,2259,2210,xReact,
,,,2259,2256,xAttr,
,,,2259,2172,xReact,
,,,2261,2208,xReact,
,,,2261,2162,xReact,
,,,2261,2137,xReact,
,,,2261,2262,xAttr,
,,,2261,2193,xAttr,
,,,2261,2139,xAttr,
,,,2261,2196,xReact,
,,,2261,2252,xReact,
,,,2261,2253,xReact,
,,,2261,2263,xAttr,
,,,2261,2141,oReact,
,,,2261,2264,xReact,
,,,2261,2210,xReact,
,,,2261,2133,xAttr,
,,,2261,2255,xReact,
,,,2261,2265,xAttr,
,,,2261,2256,xReact,
,,,2261,2266,xReact,
,,,2261,2267,oReact,
,,,2261,2198,xReact,
,,,2261,2243,xAttr,
,,,2261,2166,oReact,
,,,2261,2167,xAttr,
,,,2261,2257,xReact,
,,,2261,2200,xReact,
,,,2261,2172,xReact,
,,,2268,2151,xEffect,
,,,2268,2166,xEffect,
,,,2269,2209,xAttr,
,,,2269,2178,xAttr,
,,,2269,2148,xReact,
,,,2269,2151,xReact,
,,,2269,2205,xReact,
,,,2269,2206,xAttr,
,,,2269,2166,xReact,
,,,2269,2191,xReact,
,,,2269,2199,xReact,
,,,2269,2200,xReact,
,,,2269,2270,xReact,
,,,2269,2172,xAttr,
,,,2269,2186,xReact,
,,,2271,2208,xWant,
,,,2271,2272,xWant,
,,,2271,2193,xWant,
,,,2271,2253,xWant,
,,,2271,2254,xWant,
,,,2271,2263,xWant,
,,,2271,2264,xWant,
,,,2271,2210,xWant,
,,,2271,2147,xWant,
,,,2271,2247,xWant,
,,,2271,2205,xWant,
,,,2271,2267,xEffect,
,,,2271,2206,xWant,
,,,2271,2167,xIntent,
,,,2271,2257,xWant,
,,,2271,2199,xWant,
,,,2271,2172,xEffect,
,,,2273,2205,xNeed,
,,,2274,2193,xWant,
,,,2274,2210,xWant,
,,,2274,2197,xWant,
,,,2274,2191,xWant,
,,,2275,2210,xEffect,
,,,2276,2195,xAttr,
,,,2276,2254,xNeed,
,,,2276,2264,xNeed,
,,,2276,2210,xNeed,
,,,2276,2255,xNeed,
,,,2276,2198,xNeed,
,,,2276,2156,xNeed,
,,,2277,2162,xAttr,
,,,2277,2278,xReact,
,,,2277,2178,xAttr,
,,,2277,2141,xReact,
,,,2277,2146,xReact,
,,,2277,2150,oReact,
,,,2277,2267,oReact,
,,,2277,2153,xAttr,
,,,2277,2166,oReact,
,,,2277,2160,xReact,
,,,2279,2208,xWant,
,,,2279,2176,oWant,
,,,2279,2252,xWant,
,,,2279,2141,xWant,
,,,2279,2134,xWant,
,,,2279,2174,xWant,
,,,2279,2149,xWant,
,,,2279,2255,xWant,
,,,2279,2241,xWant,
,,,2279,2155,xWant,
,,,2279,2169,xWant,
,,,2279,2191,xWant,
,,,2279,2171,xWant,
,,,2280,2208,xWant,
,,,2280,2195,xWant,
,,,2280,2260,xWant,
,,,2280,2193,xWant,
,,,2280,2254,xWant,
,,,2280,2264,xWant,
,,,2280,2210,xWant,
,,,2280,2179,xWant,
,,,2280,2146,xWant,
,,,2280,2255,xWant,
,,,2280,2281,xWant,
,,,2280,2247,xWant,
,,,2280,2205,xIntent,
,,,2280,2266,xWant,
,,,2280,2154,xWant,
,,,2280,2156,xWant,
,,,2280,2257,xWant,
,,,2280,2191,xWant,
,,,2280,2282,xWant,
,,,2280,2199,xWant,
,,,2283,2263,xEffect,
,,,2283,2172,xEffect,
,,,1997,2284,xAttr,
,,,1997,2285,xAttr,
,,,1997,2286,xAttr,
,,,1997,2287,xAttr,
,,,1997,2288,xAttr,
,,,1997,2289,xAttr,
,,,1997,2290,xAttr,
,,,1997,2291,xAttr,
,,,1997,2292,xAttr,
,,,1997,2293,xEffect,
,,,1997,2294,xEffect,
,,,1997,2295,xEffect,
,,,1997,2296,xEffect,
,,,1997,2297,xEffect,
,,,1997,2298,xEffect,
,,,1997,2299,xEffect,
,,,1997,2300,xEffect,
,,,1997,2301,xEffect,
,,,1997,2302,xEffect,
,,,1997,2303,xWant,
,,,1997,2304,xEffect,
,,,1997,2305,xNeed,
,,,1997,2306,xNeed,
,,,1997,2307,xNeed,
,,,1997,2308,xNeed,
,,,1997,2309,xNeed,
,,,1997,2310,xNeed,
,,,1997,2311,xReact,
,,,1997,2312,xReact,
,,,1997,2313,xWant,
,,,1997,2314,xWant,
,,,1997,2315,xWant,
,,,1997,2316,xWant,
,,,1997,2317,xWant,
,,,1997,2318,xIntent,
,,,1997,2319,isAfter,
,,,1997,2320,isBefore,
,,,2321,2164,xReact,
,,,2321,2266,xAttr,
,,,2321,2156,xReact,
,,,2321,2169,xAttr,
,,,2321,2191,xAttr,
,,,2322,2253,xReact,
,,,2322,2210,xAttr,
,,,2322,2200,xReact,
,,,2323,2193,xAttr,
,,,2323,2140,xAttr,
,,,2323,2263,xAttr,
,,,2323,2264,xAttr,
,,,2323,2210,xAttr,
,,,2324,2193,xAttr,
,,,2324,2267,xAttr,
,,,2324,2169,xAttr,
,,,2325,2272,xAttr,
,,,2325,2210,xAttr,
,,,2325,2179,xAttr,
,,,2325,2255,xReact,
,,,2325,2242,xAttr,
,,,2325,2156,xAttr,
,,,2326,2193,xAttr,
,,,2326,2263,xReact,
,,,2326,2265,xAttr,
,,,2326,2256,xAttr,
,,,2326,2205,xAttr,
,,,2326,2167,xReact,
,,,2326,2135,xAttr,
,,,2326,2258,xReact,
,,,2326,2172,xAttr,
,,,2327,2262,xEffect,
,,,2327,2254,xEffect,
,,,2327,2210,xEffect,
,,,2327,2255,xEffect,
,,,2327,2267,oEffect,
,,,2327,2191,xEffect,
,,,2328,2210,xEffect,
,,,2329,2260,xEffect,
,,,2329,2258,xEffect,
,,,2330,2254,xEffect,
,,,2331,2204,xWant,
,,,2332,2260,xEffect,
,,,2332,2209,xEffect,
,,,2332,2262,xEffect,
,,,2332,2193,xEffect,
,,,2332,2253,xEffect,
,,,2332,2254,xEffect,
,,,2332,2178,xEffect,
,,,2332,2264,xEffect,
,,,2332,2210,xWant,
,,,2332,2255,xEffect,
,,,2332,2281,xEffect,
,,,2332,2256,xEffect,
,,,2332,2205,xWant,
,,,2332,2191,xNeed,
,,,2332,2172,xEffect,
,,,2333,2266,xWant,
,,,2334,2264,xNeed,
,,,2335,2176,oWant,
,,,2335,2253,xNeed,
,,,2335,2264,xNeed,
,,,2335,2191,xWant,
,,,2336,2247,xAttr,
,,,2337,2265,xWant,
,,,2338,2260,xWant,
,,,2338,2138,xWant,
,,,2338,2193,xWant,
,,,2338,2210,xWant,
,,,2338,2191,xNeed,
,,,2339,2262,xWant,
,,,2339,2193,xWant,
,,,2339,2176,oWant,
,,,2339,2252,xWant,
,,,2339,2263,xEffect,
,,,2339,2264,xEffect,
,,,2339,2210,xWant,
,,,2339,2255,xWant,
,,,2339,2247,xEffect,
,,,2339,2256,xWant,
,,,2339,2267,xEffect,
,,,2339,2206,xEffect,
,,,2339,2243,xWant,
,,,2340,2191,xWant,
,,,1998,2341,oWant,
,,,1998,2342,oWant,
,,,1998,2343,oWant,
,,,1998,2344,xAttr,
,,,1998,2345,xReact,
,,,1998,2346,xReact,
,,,1998,2347,xEffect,
,,,1998,2348,xEffect,
,,,1998,2349,xNeed,
,,,1998,2350,xNeed,
,,,1998,2351,xNeed,
,,,1998,2352,xNeed,
,,,1998,2353,xNeed,
,,,1998,2354,xReact,
,,,1998,2355,xReact,
,,,1998,2356,xWant,
,,,1998,2357,xWant,
,,,1998,2358,xWant,
,,,1998,2359,xWant,
,,,1998,2360,xWant,
,,,1998,2361,xWant,
,,,1998,2362,xWant,
,,,1998,2363,isBefore,
,,,2364,2142,oWant,
,,,2364,2170,xWant,
,,,2365,2366,oWant,
,,,2365,2241,oWant,
,,,2367,2240,xReact,
,,,2367,2210,xAttr,
,,,2367,2257,xReact,
,,,2368,2278,xReact,
,,,2368,2240,xAttr,
,,,2368,2369,xReact,
,,,2368,2164,oReact,
,,,2368,2141,xReact,
,,,2368,2142,xReact,
,,,2368,2146,xReact,
,,,2368,2265,xReact,
,,,2368,2242,xAttr,
,,,2368,2267,oReact,
,,,2368,2168,xIntent,
,,,2368,2157,xReact,
,,,2368,2158,xReact,
,,,2368,2135,oReact,
,,,2368,2171,xReact,
,,,2368,2199,xReact,
,,,2368,2370,xReact,
,,,2371,2278,oReact,
,,,2371,2240,xAttr,
,,,2371,2254,xReact,
,,,2371,2140,xReact,
,,,2371,2132,xReact,
,,,2371,2146,xReact,
,,,2371,2255,xReact,
,,,2371,2266,xAttr,
,,,2371,2156,xReact,
,,,2371,2169,xReact,
,,,2371,2372,xReact,
,,,2371,2282,xReact,
,,,2373,2163,xAttr,
,,,2373,2369,xAttr,
,,,2373,2146,xReact,
,,,2373,2265,xReact,
,,,2373,2157,xReact,
,,,2373,2169,xAttr,
,,,2373,2171,oReact,
,,,2373,2370,xAttr,
,,,2374,2240,xWant,
,,,2374,2176,xWant,
,,,2374,2143,xWant,
,,,2374,2144,xWant,
,,,2374,2145,xWant,
,,,2374,2146,xWant,
,,,2374,2180,xWant,
,,,2374,2149,xWant,
,,,2374,2152,xWant,
,,,2374,2166,oWant,
,,,2374,2158,xWant,
,,,2374,2170,xWant,
,,,2375,2179,xWant,
,,,2375,2265,xWant,
,,,2375,2157,xWant,
,,,2376,2377,xWant,
,,,2376,2148,xWant,
,,,2376,2160,xWant,
,,,2378,2171,oEffect,
,,,1999,2379,oEffect,
,,,1999,2380,oEffect,
,,,1999,2381,xAttr,
,,,1999,2382,xAttr,
,,,1999,2383,xAttr,
,,,1999,2384,xAttr,
,,,1999,2385,xAttr,
,,,1999,2386,xAttr,
,,,1999,2387,xEffect,
,,,1999,2388,xEffect,
,,,1999,2389,xEffect,
,,,1999,2390,xEffect,
,,,1999,2391,xIntent,
,,,1999,2392,xReact,
,,,1999,2393,xReact,
,,,1999,2394,xWant,
,,,1999,2395,xWant,
,,,1999,2396,xWant,
,,,1999,2397,xWant,
,,,1999,2398,xWant,
,,,1999,2399,xWant,
,,,1999,2400,isAfter,
,,,1999,2401,isBefore,
,,,2402,2140,xAttr,
,,,2402,2133,xReact,
,,,2402,2155,xAttr,
,,,2402,2243,xReact,
,,,2402,2156,xAttr,
,,,2402,2403,xAttr,
,,,2402,2191,xAttr,
,,,2404,2142,xReact,
,,,2404,2146,xAttr,
,,,2404,2150,oReact,
,,,2404,2156,xAttr,
,,,2405,2209,xReact,
,,,2405,2406,oReact,
,,,2405,2366,xReact,
,,,2405,2407,xReact,
,,,2405,2281,xReact,
,,,2405,2198,xReact,
,,,2405,2206,xReact,
,,,2405,2408,xReact,
,,,2405,2167,xReact,
,,,2405,2191,oReact,
,,,2409,2281,xReact,
,,,2409,2191,xReact,
,,,2410,2137,xAttr,
,,,2410,2272,xReact,
,,,2410,2204,xReact,
,,,2410,2139,xReact,
,,,2410,2278,xWant,
,,,2410,2240,xReact,
,,,2410,2369,xReact,
,,,2410,2142,xReact,
,,,2410,2144,xAttr,
,,,2410,2377,xAttr,
,,,2410,2133,xReact,
,,,2410,2134,xReact,
,,,2410,2146,oReact,
,,,2410,2150,xReact,
,,,2410,2247,xReact,
,,,2410,2265,xAttr,
,,,2410,2241,xReact,
,,,2410,2266,xAttr,
,,,2410,2408,xAttr,
,,,2410,2165,xReact,
,,,2410,2403,xReact,
,,,2410,2157,xReact,
,,,2410,2158,xReact,
,,,2410,2159,xReact,
,,,2410,2171,xReact,
,,,2410,2184,xReact,
,,,2410,2185,xNeed,
,,,2410,2370,xReact,
,,,2411,2240,xWant,
,,,2411,2369,xWant,
,,,2411,2176,oWant,
,,,2411,2143,xWant,
,,,2411,2148,oWant,
,,,2411,2407,xNeed,
,,,2411,2265,xNeed,
,,,2000,2412,oWant,
,,,2000,2413,xWant,
,,,2000,2414,xReact,
,,,2000,2415,xAttr,
,,,2000,2416,xAttr,
,,,2000,2417,xEffect,
,,,2000,2418,xEffect,
,,,2000,2419,xEffect,
,,,2000,2420,xEffect,
,,,2000,2421,xIntent,
,,,2000,2422,xIntent,
,,,2000,2423,xIntent,
,,,2000,2424,xNeed,
,,,2000,2425,xNeed,
,,,2000,2426,xNeed,
,,,2000,2427,xNeed,
,,,2000,2428,xReact,
,,,2000,2429,xWant,
,,,2000,2430,xWant,
,,,2000,2431,isAfter,
,,,2000,2432,isAfter,
,,,2000,2433,isBefore,
,,,2000,2434,isBefore,
,,,2435,2146,oWant,
,,,2435,2180,oWant,
,,,2436,2437,xWant,
,,,2436,2169,oWant,
,,,2438,2260,xAttr,
,,,2438,2366,xAttr,
,,,2438,2197,xAttr,
,,,2438,2198,xReact,
,,,2438,2249,xAttr,
,,,2438,2439,xAttr,
,,,2438,2258,xAttr,
,,,2438,2440,xAttr,
,,,2438,2186,xReact,
,,,2441,2258,xAttr,
,,,2442,2200,xAttr,
,,,2443,2146,xWant,
,,,2443,2198,xEffect,
,,,2443,2191,xEffect,
,,,2444,2252,xReact,
,,,2444,2197,xReact,
,,,2444,2258,xReact,
,,,2444,2186,xReact,
,,,2445,2205,xNeed,
,,,2001,2446,xAttr,
,,,2001,2447,xAttr,
,,,2001,2448,xAttr,
,,,2001,2449,xAttr,
,,,2001,2450,xEffect,
,,,2001,2451,xEffect,
,,,2001,2452,xEffect,
,,,2001,2453,xIntent,
,,,2001,2454,xNeed,
,,,2001,2455,xNeed,
,,,2001,2456,xReact,
,,,2001,2457,xReact,
,,,2001,2458,xReact,
,,,2001,2459,xReact,
,,,2001,2460,xWant,
,,,2001,2461,xWant,
,,,2001,2462,xWant,
,,,2001,2463,xWant,
,,,2001,2464,isAfter,
,,,2001,2465,isBefore,
,,,2466,2210,xAttr,
,,,2466,2181,xAttr,
,,,2466,2149,xAttr,
,,,2466,2153,xAttr,
,,,2466,2186,xAttr,
,,,2467,2191,xAttr,
,,,2468,2278,xAttr,
,,,2468,2140,xAttr,
,,,2468,2141,xAttr,
,,,2468,2210,xAttr,
,,,2468,2255,xAttr,
,,,2468,2247,xAttr,
,,,2468,2191,xAttr,
,,,2468,2258,xAttr,
,,,2468,2200,xAttr,
,,,2469,2176,xWant,
,,,2469,2166,xEffect,
,,,2469,2191,xWant,
,,,2470,2209,xWant,
,,,2470,2264,xEffect,
,,,2470,2210,xWant,
,,,2470,2281,xWant,
,,,2470,2155,xWant,
,,,2471,2193,xReact,
,,,2471,2140,xReact,
,,,2472,2139,xWant,
,,,2472,2178,xNeed,
,,,2472,2255,xWant,
,,,2472,2155,xWant,
,,,2473,2255,isBefore,
,,,2002,2474,xAttr,
,,,2002,2475,xAttr,
,,,2002,2476,xAttr,
,,,2002,2477,xAttr,
,,,2002,2478,xAttr,
,,,2002,2479,xEffect,
,,,2002,2480,xEffect,
,,,2002,2481,xEffect,
,,,2002,2482,xEffect,
,,,2002,2483,xNeed,
,,,2002,2484,xNeed,
,,,2002,2485,xReact,
,,,2002,2486,xWant,
,,,2002,2487,xWant,
,,,2002,2488,xWant,
,,,2002,2489,isAfter,
,,,2002,2490,isBefore,
,,,2491,2163,xReact,
,,,2491,2204,xReact,
,,,2491,2139,xReact,
,,,2491,2278,oReact,
,,,2491,2240,xReact,
,,,2491,2369,xAttr,
,,,2491,2176,oReact,
,,,2491,2164,xReact,
,,,2491,2140,xAttr,
,,,2491,2141,xIntent,
,,,2491,2210,xReact,
,,,2491,2142,xReact,
,,,2491,2377,xReact,
,,,2491,2133,xAttr,
,,,2491,2179,xReact,
,,,2491,2146,xReact,
,,,2491,2174,xEffect,
,,,2491,2265,xReact,
,,,2491,2241,xAttr,
,,,2491,2266,xReact,
,,,2491,2165,oReact,
,,,2491,2243,xAttr,
,,,2491,2166,oReact,
,,,2491,2403,xReact,
,,,2491,2157,xReact,
,,,2491,2158,xReact,
,,,2491,2159,xAttr,
,,,2491,2171,xReact,
,,,2491,2184,xReact,
,,,2492,2278,xAttr,
,,,2492,2179,xAttr,
,,,2492,2146,xAttr,
,,,2492,2181,xAttr,
,,,2492,2154,xReact,
,,,2492,2155,xAttr,
,,,2492,2157,xAttr,
,,,2492,2158,xAttr,
,,,2492,2270,xAttr,
,,,2493,2181,xAttr,
,,,2494,2240,oReact,
,,,2494,2149,xAttr,
,,,2494,2152,xAttr,
,,,2494,2155,xReact,
,,,2494,2191,xAttr,
,,,2495,2180,xAttr,
,,,2495,2152,xAttr,
,,,2496,2191,xNeed,
,,,2497,2198,xIntent,
,,,2498,2138,xAttr,
,,,2498,2174,xAttr,
,,,2498,2180,xReact,
,,,2003,2499,xAttr,
,,,2003,2500,xAttr,
,,,2003,2501,xAttr,
,,,2003,2502,xAttr,
,,,2003,2503,xEffect,
,,,2003,2504,xEffect,
,,,2003,2505,xNeed,
,,,2003,2506,xNeed,
,,,2003,2507,xWant,
,,,2003,2508,xWant,
,,,2003,2509,xWant,
,,,2003,2510,xWant,
,,,2003,2511,isAfter,
,,,2003,2512,isBefore,
,,,2513,2171,xEffect,
,,,2514,2163,xAttr,
,,,2514,2180,xAttr,
,,,2514,2148,xAttr,
,,,2514,2181,xAttr,
,,,2514,2151,xAttr,
,,,2514,2241,xAttr,
,,,2514,2153,xAttr,
,,,2514,2183,xAttr,
,,,2514,2155,xAttr,
,,,2514,2185,xAttr,
,,,2514,2199,xAttr,
,,,2514,2160,xAttr,
,,,2514,2270,xAttr,
,,,2515,2174,xReact,
,,,2515,2148,xAttr,
,,,2515,2182,xReact,
,,,2515,2154,xAttr,
,,,2515,2170,xReact,
,,,2515,2184,xAttr,
,,,2516,2180,xEffect,
,,,2516,2150,oEffect,
,,,2516,2151,xEffect,
,,,2516,2152,xEffect,
,,,2516,2185,xEffect,
,,,2517,2369,xEffect,
,,,2517,2145,xEffect,
,,,2517,2180,xEffect,
,,,2517,2149,xEffect,
,,,2517,2185,xEffect,
,,,2517,2270,xEffect,
,,,2004,2518,xAttr,
,,,2004,2519,xAttr,
,,,2004,2520,xAttr,
,,,2004,2521,xAttr,
,,,2004,2522,xEffect,
,,,2004,2523,xEffect,
,,,2004,2524,xEffect,
,,,2004,2525,xEffect,
,,,2004,2526,xIntent,
,,,2004,2527,xIntent,
,,,2004,2528,xNeed,
,,,2004,2529,xNeed,
,,,2004,2530,xNeed,
,,,2004,2531,xNeed,
,,,2004,2532,xNeed,
,,,2004,2533,xNeed,
,,,2004,2534,xReact,
,,,2004,2535,xReact,
,,,2004,2536,xReact,
,,,2004,2537,xReact,
,,,2004,2538,xWant,
,,,2004,2539,xWant,
,,,2004,2540,xWant,
,,,2004,2541,xWant,
,,,2004,2542,xWant,
,,,2004,2543,xWant,
,,,2004,2544,xWant,
,,,2004,2545,xWant,
,,,2004,2546,isAfter,
,,,2004,2547,isAfter,
,,,2004,2548,isAfter,
,,,2004,2549,isBefore,
,,,2004,2550,isBefore,
,,,2004,2551,isBefore,
,,,2552,2407,xAttr,
,,,2552,2205,xReact,
,,,2552,2206,xReact,
,,,2552,2191,xReact,
,,,2553,2278,xNeed,
,,,2553,2178,xReact,
,,,2553,2407,xAttr,
,,,2554,2278,xWant,
,,,2554,2159,xWant,
,,,2555,2206,xNeed,
,,,2556,2255,xWant,
,,,2556,2191,xNeed,
,,,2005,2557,xAttr,
,,,2005,2558,xAttr,
,,,2005,2559,xAttr,
,,,2005,2560,xAttr,
,,,2005,2561,xAttr,
,,,2005,2562,xEffect,
,,,2005,2563,xEffect,
,,,2005,2564,xEffect,
,,,2005,2565,xEffect,
,,,2005,2566,xEffect,
,,,2005,2567,xNeed,
,,,2005,2568,xNeed,
,,,2005,2569,xNeed,
,,,2005,2570,xNeed,
,,,2005,2571,xNeed,
,,,2005,2572,xNeed,
,,,2005,2573,xNeed,
,,,2005,2574,xNeed,
,,,2005,2575,xWant,
,,,2005,2576,xWant,
,,,2005,2577,xWant,
,,,2005,2578,xWant,
,,,2005,2579,xWant,
,,,2580,2196,xAttr,
,,,2580,2407,xAttr,
,,,2581,2193,xWant,
,,,2581,2156,xEffect,
,,,2582,2180,xWant,
,,,2582,2191,xWant,
,,,2583,2143,xNeed,
,,,2583,2166,xNeed,
,,,2584,2240,xWant,
,,,2584,2205,xWant,
,,,2006,2585,xReact,
,,,2006,2586,xAttr,
,,,2006,2587,xEffect,
,,,2006,2588,xEffect,
,,,2006,2589,xEffect,
,,,2006,2590,xEffect,
,,,2006,2591,xWant,
,,,2006,2592,xWant,
,,,2006,2593,xWant,
,,,2006,2594,isAfter,
,,,2006,2595,isAfter,
,,,2006,2596,isBefore,
,,,2006,2597,isBefore,
,,,2006,2598,isBefore,
,,,2599,2240,xAttr,
,,,2599,2146,xAttr,
,,,2599,2159,xAttr,
,,,2600,2204,xEffect,
,,,2601,2184,xEffect,
,,,2602,2204,xWant,
,,,2602,2139,xEffect,
,,,2602,2406,oWant,
,,,2602,2134,oWant,
,,,2602,2146,xWant,
,,,2602,2241,xWant,
,,,2602,2165,oWant,
,,,2603,2143,xWant,
,,,2007,2604,oEffect,
,,,2007,2605,oEffect,
,,,2007,2606,oEffect,
,,,2007,2607,oEffect,
,,,2007,2608,oReact,
,,,2007,2609,oReact,
,,,2007,2610,oReact,
,,,2007,2611,oWant,
,,,2007,2612,oWant,
,,,2007,2613,xNeed,
,,,2007,2614,xAttr,
,,,2007,2615,xAttr,
,,,2007,2616,xAttr,
,,,2007,2617,xEffect,
,,,2007,2618,xEffect,
,,,2007,2619,xEffect,
,,,2007,2620,xEffect,
,,,2007,2621,xEffect,
,,,2007,2622,xIntent,
,,,2007,2623,xIntent,
,,,2007,2624,xNeed,
,,,2007,2625,xNeed,
,,,2007,2626,xNeed,
,,,2007,2627,xReact,
,,,2007,2628,xReact,
,,,2007,2629,xReact,
,,,2007,2630,xReact,
,,,2007,2631,xWant,
,,,2007,2632,xWant,
,,,2007,2633,xWant,
,,,2007,2634,xWant,
,,,2007,2635,xWant,
,,,2007,2636,xWant,
,,,2637,2146,xEffect,
,,,2637,2241,xEffect,
,,,2638,2139,xEffect,
,,,2639,2278,xAttr,
,,,2639,2143,xReact,
,,,2639,2147,xReact,
,,,2639,2180,xReact,
,,,2639,2149,xAttr,
,,,2639,2150,oReact,
,,,2639,2152,xAttr,
,,,2639,2153,xAttr,
,,,2639,2154,xAttr,
,,,2639,2183,xReact,
,,,2639,2155,xReact,
,,,2639,2372,xAttr,
,,,2639,2185,xReact,
,,,2639,2245,xReact,
,,,2639,2160,xReact,
,,,2639,2186,xAttr,
,,,2640,2176,xAttr,
,,,2640,2170,xAttr,
,,,2640,2171,xAttr,
,,,2641,2176,xAttr,
,,,2641,2170,xAttr,
,,,2642,2158,xAttr,
,,,2643,2193,xEffect,
,,,2643,2142,oEffect,
,,,2643,2166,xEffect,
,,,2643,2170,xEffect,
,,,2643,2171,xEffect,
,,,2644,2171,xEffect,
,,,2645,2165,oWant,
,,,2646,2263,xReact,
,,,2646,2165,xReact,
,,,2646,2170,xReact,
,,,2647,2174,xNeed,
,,,2648,2139,xAttr,
,,,2649,2176,xWant,
,,,2649,2134,xEffect,
,,,2649,2150,xWant,
,,,2649,2165,xWant,
,,,2649,2166,xWant,
,,,2649,2168,xWant,
,,,2649,2169,xEffect,
,,,2649,2171,xWant,
,,,2650,2180,xWant,
,,,2008,2651,oReact,
,,,2008,2652,xAttr,
,,,2008,2653,xAttr,
,,,2008,2654,xAttr,
,,,2008,2655,xAttr,
,,,2008,2656,xAttr,
,,,2008,2657,xEffect,
,,,2008,2658,xEffect,
,,,2008,2659,xEffect,
,,,2008,2660,xNeed,
,,,2008,2661,xNeed,
,,,2008,2662,xWant,
,,,2008,2663,xWant,
,,,2008,2664,xWant,
,,,2008,2665,isAfter,
,,,2008,2666,isBefore,
,,,2667,2407,xAttr,
,,,2667,2199,xAttr,
,,,2668,2139,xReact,
,,,2668,2278,xReact,
,,,2668,2240,xReact,
,,,2668,2242,xReact,
,,,2668,2372,xReact,
,,,2669,2158,xReact,
,,,2670,2253,xAttr,
,,,2671,2242,xEffect,
,,,2672,2139,xNeed,
,,,2673,2263,xEffect,
,,,2009,2674,xAttr,
,,,2009,2675,xAttr,
,,,2009,2676,xAttr,
,,,2009,2677,xEffect,
,,,2009,2678,xEffect,
,,,2009,2679,xEffect,
,,,2009,2680,xEffect,
,,,2009,2681,xEffect,
,,,2009,2682,xEffect,
,,,2009,2683,xEffect,
,,,2009,2684,xIntent,
,,,2009,2685,xNeed,
,,,2009,2686,xNeed,
,,,2009,2687,xNeed,
,,,2009,2688,xNeed,
,,,2009,2689,xNeed,
,,,2009,2690,xNeed,
,,,2009,2691,xNeed,
,,,2009,2692,xNeed,
,,,2009,2693,xReact,
,,,2009,2694,xReact,
,,,2009,2695,xWant,
,,,2009,2696,xWant,
,,,2009,2697,xWant,
,,,2009,2698,xWant,
,,,2009,2699,xWant,
,,,2009,2700,isAfter,
,,,2009,2701,isAfter,
,,,2009,2702,isBefore,
,,,2703,2143,xReact,
,,,2704,2370,xAttr,
,,,2705,2264,xWant,
,,,2705,2210,xWant,
,,,2705,2267,xWant,
,,,2705,2257,xWant,
,,,2705,2191,xWant,
,,,2706,2278,xEffect,
,,,2706,2369,xWant,
,,,2706,2263,xNeed,
,,,2010,2707,xAttr,
,,,2010,2708,xAttr,
,,,2010,2709,xAttr,
,,,2010,2710,xAttr,
,,,2010,2711,xAttr,
,,,2010,2712,xReact,
,,,2010,2713,xAttr,
,,,2010,2714,xAttr,
,,,2010,2715,xAttr,
,,,2010,2716,xAttr,
,,,2010,2717,xEffect,
,,,2010,2718,xEffect,
,,,2010,2719,xEffect,
,,,2010,2720,xEffect,
,,,2010,2721,xEffect,
,,,2010,2722,xEffect,
,,,2010,2723,xEffect,
,,,2010,2724,xEffect,
,,,2010,2725,xEffect,
,,,2010,2726,xEffect,
,,,2010,2727,xEffect,
,,,2010,2728,xEffect,
,,,2010,2729,xEffect,
,,,2010,2730,xReact,
,,,2010,2731,xWant,
,,,2010,2732,xWant,
,,,2010,2733,xWant,
,,,2010,2734,xWant,
,,,2010,2735,xWant,
,,,2010,2736,xWant,
,,,2010,2737,xWant,
,,,2010,2738,xWant,
,,,2010,2739,xWant,
,,,2010,2740,xWant,
,,,2010,2741,xWant,
,,,2010,2742,xWant,
,,,2010,2743,xWant,
,,,2010,2744,oEffect,
,,,2010,2745,oWant,
,,,2010,2746,oWant,
,,,2010,2747,xNeed,
,,,2010,2748,xNeed,
,,,2010,2749,xNeed,
,,,2010,2750,xNeed,
,,,2010,2751,xNeed,
,,,2010,2752,isAfter,
,,,2010,2753,isAfter,
,,,2010,2754,isAfter,
,,,2010,2755,isBefore,
,,,2010,2756,isBefore,
,,,2757,2133,xAttr,
,,,2757,2179,xReact,
,,,2758,2254,xReact,
,,,2758,2172,xAttr,
,,,2759,2146,xReact,
,,,2759,2403,xAttr,
,,,2759,2159,xAttr,
,,,2760,2167,xWant,
,,,2761,2176,xWant,
,,,2761,2267,oWant,
,,,2761,2165,xNeed,
,,,2761,2170,xWant,
,,,2762,2143,xEffect,
,,,2763,2151,xWant,
,,,2764,2148,xEffect,
,,,2765,2240,xWant,
,,,2765,2146,xWant,
,,,2765,2407,oWant,
,,,2765,2155,xWant,
,,,2765,2165,oWant,
,,,2765,2191,xIntent,
,,,2766,2146,xWant,
,,,2767,2159,xWant,
,,,2767,2191,xWant,
,,,2767,2172,xWant,
,,,2768,2265,xWant,
,,,2769,2278,xWant,
,,,2769,2265,xEffect,
,,,2769,2159,xWant,
,,,2769,2258,xEffect,
,,,2770,2377,xWant,
,,,2771,2278,oWant,
,,,2771,2176,oWant,
,,,2772,2174,xWant,
,,,2773,2156,xNeed,
,,,2773,2191,xWant,
,,,2773,2171,xIntent,
,,,2011,2774,oEffect,
,,,2011,2775,oEffect,
,,,2011,2776,xAttr,
,,,2011,2777,xAttr,
,,,2011,2778,xAttr,
,,,2011,2779,xAttr,
,,,2011,2780,xEffect,
,,,2011,2781,xEffect,
,,,2011,2782,xEffect,
,,,2011,2783,xEffect,
,,,2011,2784,xEffect,
,,,2011,2785,xEffect,
,,,2011,2786,xEffect,
,,,2011,2787,xEffect,
,,,2011,2788,xEffect,
,,,2011,2789,xReact,
,,,2011,2790,oReact,
,,,2011,2791,xWant,
,,,2011,2792,xWant,
,,,2011,2793,xWant,
,,,2011,2794,xWant,
,,,2011,2795,xWant,
,,,2011,2796,xWant,
,,,2011,2797,xWant,
,,,2011,2798,xWant,
,,,2011,2799,xWant,
,,,2011,2800,xWant,
,,,2011,2801,xWant,
,,,2011,2802,xWant,
,,,2011,2803,xWant,
,,,2011,2804,xWant,
,,,2011,2805,xWant,
,,,2011,2806,xWant,
,,,2011,2807,isAfter,
,,,2011,2808,isAfter,
,,,2011,2809,isBefore,
,,,2011,2810,isBefore,
,,,2011,2811,oWant,
,,,2011,2812,xNeed,
,,,2011,2813,xNeed,
,,,2011,2814,xNeed,
,,,2815,2140,xAttr,
,,,2815,2242,xAttr,
,,,2815,2155,xAttr,
,,,2815,2191,xAttr,
,,,2816,2264,xAttr,
,,,2816,2179,xReact,
,,,2817,2240,xAttr,
,,,2817,2151,xAttr,
,,,2817,2403,xAttr,
,,,2817,2160,xAttr,
,,,2818,2144,xAttr,
,,,2819,2369,xEffect,
,,,2819,2366,xWant,
,,,2819,2377,xEffect,
,,,2819,2146,xEffect,
,,,2819,2174,oEffect,
,,,2819,2241,xWant,
,,,2819,2166,oEffect,
,,,2819,2170,oEffect,
,,,2819,2171,oEffect,
,,,2819,2184,xEffect,
,,,2819,2185,xEffect,
,,,2819,2370,xEffect,
,,,2820,2241,xEffect,
,,,2821,2146,xEffect,
,,,2822,2165,oReact,
,,,2822,2167,oReact,
,,,2822,2168,oReact,
,,,2822,2135,oReact,
,,,2822,2170,oReact,
,,,2823,2243,xWant,
,,,2823,2191,xWant,
,,,2824,2180,xWant,
,,,2824,2191,xWant,
,,,2825,2185,xNeed,
,,,2826,2157,xWant,
,,,2826,2282,xWant,
,,,2826,2172,xWant,
,,,2827,2240,xWant,
,,,2828,2406,oWant,
,,,2829,2176,xWant,
,,,2012,2830,oReact,
,,,2012,2831,oReact,
,,,2012,2832,oWant,
,,,2012,2833,oWant,
,,,2012,2834,xAttr,
,,,2012,2835,xAttr,
,,,2012,2836,xAttr,
,,,2012,2837,xAttr,
,,,2012,2838,xAttr,
,,,2012,2839,xEffect,
,,,2012,2840,xEffect,
,,,2012,2841,xEffect,
,,,2012,2842,xEffect,
,,,2012,2843,xEffect,
,,,2012,2844,xEffect,
,,,2012,2845,xEffect,
,,,2012,2846,xEffect,
,,,2012,2847,xNeed,
,,,2012,2848,xNeed,
,,,2012,2849,xNeed,
,,,2012,2850,xNeed,
,,,2012,2851,xNeed,
,,,2012,2852,xNeed,
,,,2012,2853,xReact,
,,,2012,2854,xReact,
,,,2012,2855,xReact,
,,,2012,2856,xReact,
,,,2012,2857,xReact,
,,,2012,2858,xWant,
,,,2012,2859,xWant,
,,,2012,2860,xWant,
,,,2012,2861,xWant,
,,,2012,2862,xWant,
,,,2012,2863,xWant,
,,,2012,2864,xWant,
,,,2012,2865,xWant,
,,,2012,2866,xWant,
,,,2012,2867,xWant,
,,,2012,2868,isAfter,
,,,2012,2869,isBefore,
,,,2870,2183,oReact,
,,,2870,2372,xAttr,
,,,2870,2160,xReact,
,,,2871,2157,oWant,
,,,2872,2146,xAttr,
,,,2872,2370,xAttr,
,,,2873,2157,xAttr,
,,,2873,2171,xAttr,
,,,2874,2157,xAttr,
,,,2875,2142,oEffect,
,,,2876,2369,oEffect,
,,,2876,2176,oEffect,
,,,2876,2210,xEffect,
,,,2876,2146,xEffect,
,,,2876,2166,oEffect,
,,,2876,2170,oEffect,
,,,2876,2171,oEffect,
,,,2876,2370,xEffect,
,,,2877,2172,xWant,
,,,2878,2176,oReact,
,,,2878,2144,xReact,
,,,2878,2146,xAttr,
,,,2878,2183,xReact,
,,,2878,2282,xReact,
,,,2879,2210,xAttr,
,,,2879,2247,xAttr,
,,,2879,2256,xAttr,
,,,2879,2258,xReact,
,,,2880,2437,xWant,
,,,2881,2146,xWant,
,,,2882,2180,xWant,
,,,2882,2199,xWant,
,,,2013,2883,oEffect,
,,,2013,2884,oReact,
,,,2013,2885,oReact,
,,,2013,2886,oReact,
,,,2013,2887,xAttr,
,,,2013,2888,xAttr,
,,,2013,2889,xEffect,
,,,2013,2890,xEffect,
,,,2013,2891,xIntent,
,,,2013,2892,xNeed,
,,,2013,2893,xNeed,
,,,2013,2894,xNeed,
,,,2013,2895,xNeed,
,,,2013,2896,xReact,
,,,2013,2897,xWant,
,,,2013,2898,xWant,
,,,2013,2899,xWant,
,,,2013,2900,xWant,
,,,2901,2191,xReact,
,,,2014,2902,oEffect,
,,,2014,2903,oEffect,
,,,2014,2904,oWant,
,,,2014,2905,oWant,
,,,2014,2906,xReact,
,,,2014,2907,xAttr,
,,,2014,2908,xAttr,
,,,2014,2909,xAttr,
,,,2014,2910,xEffect,
,,,2014,2911,xEffect,
,,,2014,2912,xEffect,
,,,2014,2913,xEffect,
,,,2014,2914,xEffect,
,,,2014,2915,xIntent,
,,,2014,2916,xIntent,
,,,2014,2917,xReact,
,,,2014,2918,xReact,
,,,2014,2919,xWant,
,,,2014,2920,xWant,
,,,2014,2921,isBefore,
,,,2922,2366,xAttr,
,,,2922,2407,xReact,
,,,2923,2141,xReact,
,,,2923,2198,xAttr,
,,,2923,2166,xReact,
,,,2923,2439,xReact,
,,,2923,2191,xAttr,
,,,2923,2171,xReact,
,,,2923,2160,oReact,
,,,2923,2250,xAttr,
,,,2923,2186,xReact,
,,,2924,2148,xReact,
,,,2924,2439,xReact,
,,,2924,2191,xAttr,
,,,2924,2186,xAttr,
,,,2925,2200,xEffect,
,,,2925,2440,xEffect,
,,,2926,2206,xIntent,
,,,2927,2198,xWant,
,,,2927,2249,xNeed,
,,,2928,2250,xWant,
,,,2015,2929,oEffect,
,,,2015,2930,oEffect,
,,,2015,2931,oEffect,
,,,2015,2932,oEffect,
,,,2015,2933,oEffect,
,,,2015,2934,oEffect,
,,,2015,2935,oEffect,
,,,2015,2936,oEffect,
,,,2015,2937,oReact,
,,,2015,2938,oReact,
,,,2015,2939,xReact,
,,,2015,2940,oWant,
,,,2015,2941,oWant,
,,,2015,2942,oWant,
,,,2015,2943,oWant,
,,,2015,2944,oWant,
,,,2015,2945,oWant,
,,,2015,2946,xAttr,
,,,2015,2947,xAttr,
,,,2015,2948,xAttr,
,,,2015,2949,xAttr,
,,,2015,2950,xAttr,
,,,2015,2951,xAttr,
,,,2015,2952,xAttr,
,,,2015,2953,xEffect,
,,,2015,2954,xEffect,
,,,2015,2955,xEffect,
,,,2015,2956,xEffect,
,,,2015,2957,xEffect,
,,,2015,2958,xEffect,
,,,2015,2959,xIntent,
,,,2015,2960,xIntent,
,,,2015,2961,xNeed,
,,,2015,2962,xNeed,
,,,2015,2963,xNeed,
,,,2015,2964,xNeed,
,,,2015,2965,xNeed,
,,,2015,2966,xNeed,
,,,2015,2967,xNeed,
,,,2015,2968,xNeed,
,,,2015,2969,xReact,
,,,2015,2970,xReact,
,,,2015,2971,xReact,
,,,2015,2972,xReact,
,,,2015,2973,xWant,
,,,2015,2974,xWant,
,,,2015,2975,xWant,
,,,2015,2976,xWant,
,,,2015,2977,xWant,
,,,2015,2978,xWant,
,,,2979,2143,xNeed,
,,,2979,2205,xEffect,
,,,2979,2266,xEffect,
,,,2979,2155,xEffect,
,,,2980,2168,oWant,
,,,2981,2191,xAttr,
,,,2982,2166,oWant,
,,,2982,2170,oWant,
,,,2982,2171,xWant,
,,,2982,2370,xEffect,
,,,2983,2165,xAttr,
,,,2983,2168,xAttr,
,,,2983,2171,xAttr,
,,,2984,2142,xAttr,
,,,2984,2182,xAttr,
,,,2984,2171,xAttr,
,,,2984,2172,xAttr,
,,,2984,2186,xAttr,
,,,2985,2166,xAttr,
,,,2985,2250,xAttr,
,,,2986,2168,oEffect,
,,,2986,2169,xReact,
,,,2987,2166,oEffect,
,,,2988,2406,xNeed,
,,,2989,2132,xAttr,
,,,2989,2263,xReact,
,,,2989,2134,xAttr,
,,,2989,2149,xAttr,
,,,2989,2150,xReact,
,,,2989,2165,xReact,
,,,2989,2166,xReact,
,,,2989,2168,xReact,
,,,2990,2270,xAttr,
,,,2991,2134,xWant,
,,,2991,2174,xWant,
,,,2991,2165,xWant,
,,,2991,2166,xWant,
,,,2991,2135,xWant,
,,,2991,2171,xWant,
,,,2992,2174,oWant,
,,,2992,2150,oWant,
,,,2992,2166,oWant,
,,,2992,2170,oWant,
,,,2993,2146,xWant,
,,,2993,2165,oWant,
,,,2016,2994,xAttr,
,,,2016,2995,xAttr,
,,,2016,2996,xAttr,
,,,2016,2997,xAttr,
,,,2016,2998,xAttr,
,,,2016,2999,xAttr,
,,,2016,3000,xEffect,
,,,2016,3001,xWant,
,,,2016,3002,xEffect,
,,,2016,3003,xEffect,
,,,2016,3004,xEffect,
,,,2016,3005,xEffect,
,,,2016,3006,xIntent,
,,,2016,3007,xIntent,
,,,2016,3008,xIntent,
,,,2016,3009,xNeed,
,,,2016,3010,xNeed,
,,,2016,3011,xWant,
,,,2016,3012,isAfter,
,,,2016,3013,isBefore,
,,,3014,2255,xAttr,
,,,3014,2198,xAttr,
,,,3014,2191,xAttr,
,,,3014,2258,xAttr,
,,,3014,2199,xAttr,
,,,3015,2197,xAttr,
,,,3015,2267,xAttr,
,,,3015,2198,xAttr,
,,,3016,2406,xAttr,
,,,3017,2257,xAttr,
,,,3018,2191,xAttr,
,,,3019,2141,xWant,
,,,3019,2256,xWant,
,,,3019,2191,xWant,
,,,3020,2147,xEffect,
,,,3020,2166,oEffect,
,,,3020,2169,xEffect,
,,,3020,2191,xEffect,
,,,3020,2270,xEffect,
,,,3021,2178,xWant,
,,,3021,2264,xWant,
,,,3021,2157,xEffect,
,,,3021,2191,xWant,
,,,3022,2257,xIntent,
,,,3022,2191,xEffect,
,,,3023,2266,xWant,
,,,2017,3024,xAttr,
,,,2017,3025,xEffect,
,,,2017,3026,xEffect,
,,,2017,3027,xEffect,
,,,2017,3028,xNeed,
,,,2017,3029,xNeed,
,,,2017,3030,xNeed,
,,,2017,3031,xReact,
,,,2017,3032,xWant,
,,,2017,3033,xWant,
,,,2017,3034,xWant,
,,,2017,3035,xWant,
,,,2017,3036,isAfter,
,,,3037,2281,xReact,
,,,3037,2205,xReact,
,,,3037,2206,xAttr,
,,,3037,2191,xReact,
,,,3038,2210,xEffect,
,,,3039,2241,xNeed,
,,,3039,2266,xNeed,
,,,3039,2191,xWant,
,,,3040,2256,xWant,
,,,3040,2157,xWant,
,,,2018,3041,xAttr,
,,,2018,3042,xAttr,
,,,2018,3043,xEffect,
,,,2018,3044,xEffect,
,,,2018,3045,xNeed,
,,,2018,3046,xNeed,
,,,2018,3047,xNeed,
,,,2018,3048,xReact,
,,,2018,3049,xReact,
,,,2018,3050,xWant,
,,,2018,3051,xWant,
,,,2018,3052,isBefore,
,,,3053,2210,xReact,
,,,2019,3054,oReact,
,,,2019,3055,oReact,
,,,2019,3056,xAttr,
,,,2019,3057,xAttr,
,,,2019,3058,xAttr,
,,,2019,3059,xAttr,
,,,2019,3060,xEffect,
,,,2019,3061,xEffect,
,,,2019,3062,xIntent,
,,,2019,3063,xNeed,
,,,2019,3064,xNeed,
,,,2019,3065,xNeed,
,,,2019,3066,xNeed,
,,,2019,3067,xReact,
,,,2019,3068,xWant,
,,,2019,3069,xWant,
,,,2019,3070,xWant,
,,,2019,3071,xWant,
,,,2019,3072,xWant,
,,,2019,3073,xWant,
,,,2019,3074,isAfter,
,,,2019,3075,isBefore,
,,,3076,2257,xAttr,
,,,3076,2169,xReact,
,,,3076,2135,xAttr,
,,,3077,2156,xAttr,
,,,3077,2169,xAttr,
,,,3078,2142,xAttr,
,,,3078,2172,xReact,
,,,3079,2172,xAttr,
,,,3080,2156,xReact,
,,,2020,3081,oEffect,
,,,2020,3082,oEffect,
,,,2020,3083,oEffect,
,,,2020,3084,oEffect,
,,,2020,3085,oWant,
,,,2020,3086,oWant,
,,,2020,3087,oWant,
,,,2020,3088,oWant,
,,,2020,3089,xAttr,
,,,2020,3090,xAttr,
,,,2020,3091,xAttr,
,,,2020,3092,xEffect,
,,,2020,3093,xEffect,
,,,2020,3094,xEffect,
,,,2020,3095,xEffect,
,,,2020,3096,xEffect,
,,,2020,3097,xEffect,
,,,2020,3098,xIntent,
,,,2020,3099,xNeed,
,,,2020,3100,xReact,
,,,2020,3101,xWant,
,,,2020,3102,xWant,
,,,2020,3103,xWant,
,,,2020,3104,xWant,
,,,2020,3105,xWant,
,,,2020,3106,xWant,
,,,2020,3107,xWant,
,,,2020,3108,isAfter,
,,,2020,3109,isBefore,
,,,3110,2440,xIntent,
,,,3111,2170,oWant,
,,,3111,2171,oEffect,
,,,3112,2170,oWant,
,,,3113,2146,xEffect,
,,,2021,3114,xAttr,
,,,2021,3115,xAttr,
,,,2021,3116,xAttr,
,,,2021,3117,xEffect,
,,,2021,3118,xEffect,
,,,2021,3119,xEffect,
,,,2021,3120,xEffect,
,,,2021,3121,xNeed,
,,,2021,3122,xNeed,
,,,2021,3123,xNeed,
,,,2021,3124,xNeed,
,,,2021,3125,xWant,
,,,2021,3126,xWant,
,,,2021,3127,xWant,
,,,2021,3128,xWant,
,,,2021,3129,xWant,
,,,2021,3130,xWant,
,,,2021,3131,isBefore,
,,,3132,2135,xNeed,
,,,3133,2179,xNeed,
,,,3133,2191,xNeed,
,,,3134,2191,xEffect,
,,,3135,2155,xWant,
,,,3135,2243,xWant,
,,,3135,2191,xNeed,
,,,2022,3136,xAttr,
,,,2022,3137,xAttr,
,,,2022,3138,xAttr,
,,,2022,3139,xEffect,
,,,2022,3140,xEffect,
,,,2022,3141,xEffect,
,,,2022,3142,xEffect,
,,,2022,3143,xEffect,
,,,2022,3144,xNeed,
,,,2022,3145,xReact,
,,,2022,3146,xWant,
,,,2022,3147,xWant,
,,,2022,3148,xWant,
,,,2022,3149,isAfter,
,,,3150,2191,xAttr,
,,,3151,2168,xReact,
,,,3151,2439,xReact,
,,,3151,2191,xReact,
,,,2023,3152,oEffect,
,,,2023,3153,oEffect,
,,,2023,3154,oWant,
,,,2023,3155,oWant,
,,,2023,3156,oWant,
,,,2023,3157,oWant,
,,,2023,3158,xAttr,
,,,2023,3159,xAttr,
,,,2023,3160,xAttr,
,,,2023,3161,xAttr,
,,,2023,3162,xEffect,
,,,2023,3163,xEffect,
,,,2023,3164,xEffect,
,,,2023,3165,xEffect,
,,,2023,3166,xIntent,
,,,2023,3167,xNeed,
,,,2023,3168,xNeed,
,,,2023,3169,xNeed,
,,,2023,3170,xNeed,
,,,2023,3171,xNeed,
,,,2023,3172,xNeed,
,,,2023,3173,xReact,
,,,2023,3174,xReact,
,,,2023,3175,xWant,
,,,2023,3176,xWant,
,,,2023,3177,xWant,
,,,2023,3178,xWant,
,,,2023,3179,xWant,
,,,2023,3180,xWant,
,,,2023,3181,isAfter,
,,,2023,3182,isAfter,
,,,2023,3183,isAfter,
,,,2023,3184,isBefore,
,,,2023,3185,isBefore,
,,,2023,3186,isBefore,
,,,3187,2174,xEffect,
,,,3188,2150,xIntent,
,,,3189,2142,xWant,
,,,3190,2170,xAttr,
,,,3191,2134,xAttr,
,,,3192,2160,xWant,
,,,3193,2144,xEffect,
,,,3194,2145,xWant,
,,,3194,2149,xWant,
,,,2024,3195,oEffect,
,,,2024,3196,oEffect,
,,,2024,3197,xAttr,
,,,2024,3198,xAttr,
,,,2024,3199,xEffect,
,,,2024,3200,xEffect,
,,,2024,3201,xEffect,
,,,2024,3202,xNeed,
,,,2024,3203,xNeed,
,,,2024,3204,xNeed,
,,,2024,3205,xReact,
,,,2024,3206,xReact,
,,,2024,3207,xReact,
,,,2024,3208,xReact,
,,,2024,3209,xWant,
,,,2024,3210,xWant,
,,,2024,3211,xWant,
,,,2024,3212,xWant,
,,,2024,3213,xWant,
,,,2024,3214,xWant,
,,,2024,3215,xWant,
,,,2024,3216,xWant,
,,,2024,3217,xWant,
,,,2024,3218,isAfter,
,,,2024,3219,isAfter,
,,,2024,3220,isBefore,
,,,3221,2210,xAttr,
,,,3221,2152,xReact,
,,,3221,2155,xReact,
,,,3221,2243,xReact,
,,,3221,2403,xAttr,
,,,3221,2245,xAttr,
,,,3222,2205,xAttr,
,,,3223,2210,xReact,
,,,3223,2167,xReact,
,,,3224,2407,oReact,
,,,3224,2281,xAttr,
,,,3224,2206,xReact,
,,,3224,2191,xReact,
,,,3225,2267,xReact,
,,,3226,2242,xAttr,
,,,3226,2370,xReact,
,,,3227,2191,xWant,
,,,2025,3228,oWant,
,,,2025,3229,oWant,
,,,2025,3230,xAttr,
,,,2025,3231,xAttr,
,,,2025,3232,xAttr,
,,,2025,3233,xAttr,
,,,2025,3234,xAttr,
,,,2025,3235,xEffect,
,,,2025,3236,xEffect,
,,,2025,3237,xIntent,
,,,2025,3238,xNeed,
,,,2025,3239,xNeed,
,,,2025,3240,xNeed,
,,,2025,3241,xNeed,
,,,2025,3242,xNeed,
,,,2025,3243,xNeed,
,,,2025,3244,xWant,
,,,2025,3245,xWant,
,,,2025,3246,xWant,
,,,2025,3247,xWant,
,,,3248,2437,oWant,
,,,3248,2439,xWant,
,,,3249,2170,oReact,
,,,3250,2150,xReact,
,,,3251,2191,xAttr,
,,,2026,3252,oWant,
,,,2026,3253,xAttr,
,,,2026,3254,xAttr,
,,,2026,3255,xAttr,
,,,2026,3256,xAttr,
,,,2026,3257,xAttr,
,,,2026,3258,xEffect,
,,,2026,3259,xEffect,
,,,2026,3260,xIntent,
,,,2026,3261,xWant,
,,,2026,3262,xWant,
,,,2026,3263,xWant,
,,,2026,3264,isAfter,
,,,2026,3265,isBefore,
,,,3266,2440,xAttr,
,,,3267,2210,xEffect,
,,,3267,2150,xEffect,
,,,3267,2170,xEffect,
,,,2027,3268,xAttr,
,,,2027,3269,xEffect,
,,,2027,3270,xEffect,
,,,2027,3271,xEffect,
,,,2027,3272,xNeed,
,,,2027,3273,xNeed,
,,,2027,3274,xNeed,
,,,2027,3275,xReact,
,,,2027,3276,xReact,
,,,2027,3277,xWant,
,,,2027,3278,xWant,
,,,2027,3279,xWant,
,,,2027,3280,isAfter,
,,,2027,3281,isBefore,
,,,3282,2243,xAttr,
,,,3283,2197,xEffect,
,,,3284,2145,xWant,
,,,3284,2133,xWant,
,,,2028,3285,xAttr,
,,,2028,3286,xAttr,
,,,2028,3287,xAttr,
,,,2028,3288,xAttr,
,,,2028,3289,xAttr,
,,,2028,3290,xEffect,
,,,2028,3291,xEffect,
,,,2028,3292,xEffect,
,,,2028,3293,xEffect,
,,,2028,3294,xEffect,
,,,2028,3295,xEffect,
,,,2028,3296,xEffect,
,,,2028,3297,xEffect,
,,,2028,3298,xEffect,
,,,2028,3299,xEffect,
,,,2028,3300,xIntent,
,,,2028,3301,xIntent,
,,,2028,3302,xNeed,
,,,2028,3303,xNeed,
,,,2028,3304,xNeed,
,,,2028,3305,xNeed,
,,,2028,3306,xNeed,
,,,2028,3307,xNeed,
,,,2028,3308,xNeed,
,,,2028,3309,xNeed,
,,,2028,3310,xNeed,
,,,2028,3311,xNeed,
,,,2028,3312,xReact,
,,,2028,3313,xReact,
,,,2028,3314,xReact,
,,,2028,3315,xReact,
,,,2028,3316,xWant,
,,,2028,3317,xWant,
,,,2028,3318,xWant,
,,,2028,3319,xWant,
,,,2028,3320,xWant,
,,,2028,3321,xWant,
,,,2028,3322,xWant,
,,,2028,3323,isAfter,
,,,2028,3324,isAfter,
,,,2028,3325,isBefore,
,,,2028,3326,isBefore,
,,,2028,3327,isBefore,
,,,2028,3328,isBefore,
,,,3329,2257,xReact,
,,,3330,2191,xEffect,
,,,3331,2168,xEffect,
,,,3332,2191,xEffect,
,,,3333,2255,xEffect,
,,,2029,3334,oEffect,
,,,2029,3335,oEffect,
,,,2029,3336,oEffect,
,,,2029,3337,oEffect,
,,,2029,3338,oReact,
,,,2029,3339,oWant,
,,,2029,3340,oWant,
,,,2029,3341,oWant,
,,,2029,3342,xAttr,
,,,2029,3343,xAttr,
,,,2029,3344,xReact,
,,,2029,3345,xEffect,
,,,2029,3346,xEffect,
,,,2029,3347,xEffect,
,,,2029,3348,xEffect,
,,,2029,3349,xEffect,
,,,2029,3350,xEffect,
,,,2029,3351,xIntent,
,,,2029,3352,xIntent,
,,,2029,3353,xNeed,
,,,2029,3354,xNeed,
,,,2029,3355,xNeed,
,,,2029,3356,xNeed,
,,,2029,3357,xNeed,
,,,2029,3358,xNeed,
,,,2029,3359,xReact,
,,,2029,3360,xWant,
,,,2029,3361,xWant,
,,,2029,3362,xWant,
,,,2029,3363,xWant,
,,,3364,2165,xWant,
,,,3365,2146,xReact,
,,,3366,2146,xAttr,
,,,3366,2183,xAttr,
,,,3366,2157,oReact,
,,,3367,2134,xReact,
,,,3367,2179,xAttr,
,,,3368,2153,xEffect,
,,,2030,3369,oReact,
,,,2030,3370,oReact,
,,,2030,3371,oReact,
,,,2030,3372,oWant,
,,,2030,3373,xEffect,
,,,2030,3374,xAttr,
,,,2030,3375,xAttr,
,,,2030,3376,xAttr,
,,,2030,3377,xAttr,
,,,2030,3378,xAttr,
,,,2030,3379,xAttr,
,,,2030,3380,xEffect,
,,,2030,3381,xNeed,
,,,2030,3382,xNeed,
,,,2030,3383,xReact,
,,,2030,3384,xReact,
,,,2030,3385,xReact,
,,,2030,3386,xReact,
,,,2030,3387,xWant,
,,,2030,3388,xWant,
,,,2030,3389,xWant,
,,,2030,3390,xWant,
,,,2030,3391,isAfter,
,,,2030,3392,isAfter,
,,,2030,3393,isBefore,
,,,2030,3394,isBefore,
,,,3395,2143,xWant,
,,,3396,2183,xAttr,
,,,3397,2145,xAttr,
,,,3398,2408,xAttr,
,,,3398,2171,xAttr,
,,,3399,2171,xReact,
,,,3400,2182,xReact,
,,,2031,3401,xAttr,
,,,2031,3402,xAttr,
,,,2031,3403,xEffect,
,,,2031,3404,xEffect,
,,,2031,3405,xEffect,
,,,2031,3406,xEffect,
,,,2031,3407,xEffect,
,,,2031,3408,xNeed,
,,,2031,3409,xNeed,
,,,2031,3410,xReact,
,,,2031,3411,xWant,
,,,2031,3412,xWant,
,,,2031,3413,xWant,
,,,2031,3414,isAfter,
,,,2031,3415,isBefore,
,,,3416,2154,xAttr,
,,,3417,2180,xAttr,
,,,3417,2154,xAttr,
,,,3418,2243,xEffect,
,,,2032,3419,xAttr,
,,,2032,3420,xAttr,
,,,2032,3421,xEffect,
,,,2032,3422,xEffect,
,,,2032,3423,xEffect,
,,,2032,3424,xEffect,
,,,2032,3425,xEffect,
,,,2032,3426,xNeed,
,,,2032,3427,xNeed,
,,,2032,3428,xWant,
,,,2032,3429,xWant,
,,,2032,3430,xWant,
,,,2032,3431,xWant,
,,,2032,3432,xWant,
,,,3433,2154,xReact,
,,,3433,2245,oReact,
,,,3434,2152,xEffect,
,,,3434,2154,xEffect,
,,,3434,2183,xEffect,
,,,3435,2154,xWant,
,,,2033,3436,xAttr,
,,,2033,3437,xEffect,
,,,2033,3438,xEffect,
,,,2033,3439,xEffect,
,,,2033,3440,xEffect,
,,,2033,3441,xEffect,
,,,2033,3442,xEffect,
,,,2033,3443,xNeed,
,,,2033,3444,xNeed,
,,,2033,3445,xReact,
,,,2033,3446,xReact,
,,,2033,3447,xWant,
,,,2033,3448,xWant,
,,,2033,3449,xWant,
,,,2033,3450,isAfter,
,,,2033,3451,isBefore,
,,,3452,2151,xEffect,
,,,3453,2206,xReact,
,,,3453,2191,xReact,
,,,3454,2152,xAttr,
,,,3454,2155,xReact,
,,,2034,3455,xAttr,
,,,2034,3456,xAttr,
,,,2034,3457,xEffect,
,,,2034,3458,xEffect,
,,,2034,3459,xEffect,
,,,2034,3460,xReact,
,,,2034,3461,xReact,
,,,2034,3462,xWant,
,,,2034,3463,isAfter,
,,,2034,3464,isBefore,
,,,2035,3465,xEffect,
,,,2035,3466,xEffect,
,,,2035,3467,xNeed,
,,,2035,3468,xNeed,
,,,2035,3469,xReact,
,,,2035,3470,xWant,
,,,2035,3471,xWant,
,,,2035,3472,xWant,
,,,2035,3473,isAfter,
,,,2035,3474,isBefore,
,,,3475,2146,xWant,
,,,3475,2152,xWant,
,,,3476,2146,xEffect,
,,,3477,2159,xNeed,
,,,3478,2243,xAttr,
,,,3478,2135,xReact,
,,,3478,2160,xReact,
,,,3479,2241,xWant,
,,,2036,3480,xWant,
,,,2036,3481,xAttr,
,,,2036,3482,xAttr,
,,,2036,3483,xEffect,
,,,2036,3484,xEffect,
,,,2036,3485,xEffect,
,,,2036,3486,xNeed,
,,,2036,3487,xNeed,
,,,2036,3488,xNeed,
,,,2036,3489,xNeed,
,,,2036,3490,xNeed,
,,,2036,3491,xNeed,
,,,2036,3492,xReact,
,,,2036,3493,xWant,
,,,2036,3494,xWant,
,,,2036,3495,xWant,
,,,2036,3496,isBefore,
,,,3497,2151,xWant,
,,,3497,2170,oWant,
,,,3497,2185,xWant,
,,,3498,2166,xReact,
,,,3499,2270,xAttr,
,,,2037,3500,oWant,
,,,2037,3501,oWant,
,,,2037,3502,xAttr,
,,,2037,3503,xEffect,
,,,2037,3504,xEffect,
,,,2037,3505,xNeed,
,,,2037,3506,xNeed,
,,,2037,3507,xNeed,
,,,2037,3508,xNeed,
,,,2037,3509,xWant,
,,,2037,3510,xWant,
,,,2037,3511,xWant,
,,,2037,3512,isAfter,
,,,2037,3513,isBefore,
,,,3514,2191,xNeed,
,,,2038,3515,oWant,
,,,2038,3516,oWant,
,,,2038,3517,xAttr,
,,,2038,3518,xAttr,
,,,2038,3519,xEffect,
,,,2038,3520,xEffect,
,,,2038,3521,xEffect,
,,,2038,3522,xEffect,
,,,2038,3523,xEffect,
,,,2038,3524,xEffect,
,,,2038,3525,xIntent,
,,,2038,3526,xIntent,
,,,2038,3527,xIntent,
,,,2038,3528,xIntent,
,,,2038,3529,xNeed,
,,,2038,3530,xNeed,
,,,2038,3531,xNeed,
,,,2038,3532,xNeed,
,,,2038,3533,xReact,
,,,2038,3534,xReact,
,,,2038,3535,xReact,
,,,2038,3536,xWant,
,,,2038,3537,xWant,
,,,2038,3538,xWant,
,,,2038,3539,isAfter,
,,,2038,3540,isBefore,
,,,3541,2198,oWant,
,,,3542,2198,xWant,
,,,3542,2200,xEffect,
,,,3543,2198,xWant,
,,,3544,2154,xWant,
,,,3544,2198,xIntent,
,,,3545,2198,xAttr,
,,,3545,2257,xReact,
,,,3546,2191,xReact,
,,,3547,2439,xAttr,
,,,3548,2180,xWant,
,,,3548,2181,xNeed,
,,,3548,2152,xWant,
,,,3548,2267,oWant,
,,,3548,2155,xReact,
,,,3548,2257,xWant,
,,,3548,2370,xEffect,
,,,2039,3549,xAttr,
,,,2039,3550,xAttr,
,,,2039,3551,xAttr,
,,,2039,3552,xAttr,
,,,2039,3553,xAttr,
,,,2039,3554,xAttr,
,,,2039,3555,xAttr,
,,,2039,3556,xAttr,
,,,2039,3557,xAttr,
,,,2039,3558,xAttr,
,,,2039,3559,oReact,
,,,2039,3560,xAttr,
,,,2039,3561,xAttr,
,,,2039,3562,xAttr,
,,,2039,3563,xAttr,
,,,2039,3564,xEffect,
,,,2039,3565,xEffect,
,,,2039,3566,xEffect,
,,,2039,3567,xEffect,
,,,2039,3568,xEffect,
,,,2039,3569,xEffect,
,,,2039,3570,xEffect,
,,,2039,3571,xEffect,
,,,2039,3572,xEffect,
,,,2039,3573,xEffect,
,,,2039,3574,xEffect,
,,,2039,3575,xEffect,
,,,2039,3576,xEffect,
,,,2039,3577,xEffect,
,,,2039,3578,xEffect,
,,,2039,3579,xEffect,
,,,2039,3580,xEffect,
,,,2039,3581,xReact,
,,,2039,3582,xReact,
,,,2039,3583,xReact,
,,,2039,3584,xReact,
,,,2039,3585,xReact,
,,,2039,3586,xReact,
,,,2039,3587,xReact,
,,,2039,3588,xReact,
,,,2039,3589,xWant,
,,,2039,3590,xWant,
,,,2039,3591,xWant,
,,,2039,3592,xWant,
,,,2039,3593,xWant,
,,,2039,3594,xWant,
,,,2039,3595,xWant,
,,,2039,3596,xWant,
,,,2039,3597,xWant,
,,,2039,3598,xWant,
,,,2039,3599,xWant,
,,,2039,3600,xWant,
,,,2039,3601,xWant,
,,,2039,3602,xWant,
,,,2039,3603,xWant,
,,,2039,3604,xWant,
,,,2039,3605,xWant,
,,,2039,3606,xWant,
,,,2039,3607,isAfter,
,,,2039,3608,isAfter,
,,,2039,3609,isAfter,
,,,2039,3610,isAfter,
,,,2039,3611,isAfter,
,,,2039,3612,isAfter,
,,,2039,3613,isAfter,
,,,2039,3614,isBefore,
,,,2039,3615,isBefore,
,,,2039,3616,isBefore,
,,,2039,3617,isBefore,
,,,2039,3618,isBefore,
,,,2039,3619,isBefore,
,,,2039,3620,isBefore,
,,,2039,3621,oWant,
,,,2039,3622,oWant,
,,,2039,3623,oWant,
,,,2039,3624,xNeed,
,,,2039,3625,xNeed,
,,,2039,3626,xNeed,
,,,2039,3627,xNeed,
,,,2039,3628,xNeed,
,,,2039,3629,xNeed,
,,,3630,2166,oReact,
,,,3631,2191,xAttr,
,,,3632,2156,xAttr,
,,,3633,2158,xAttr,
,,,3634,2159,isBefore,
,,,3635,2158,xEffect,
,,,3636,2372,xReact,
,,,3637,2191,xReact,
,,,3638,2171,oWant,
,,,3639,2282,xEffect,
,,,2040,3640,xAttr,
,,,2040,3641,xAttr,
,,,2040,3642,xAttr,
,,,2040,3643,xEffect,
,,,2040,3644,xEffect,
,,,2040,3645,xEffect,
,,,2040,3646,xReact,
,,,2040,3647,xWant,
,,,2040,3648,xWant,
,,,2040,3649,xWant,
,,,2040,3650,isAfter,
,,,2040,3651,isAfter,
,,,2040,3652,isBefore,
,,,2040,3653,isBefore,
,,,2040,3654,isBefore,
,,,3655,2184,xAttr,
,,,3655,2250,xAttr,
,,,3656,2151,xAttr,
,,,3656,2160,xReact,
,,,3657,2281,xEffect,
,,,2041,3658,oEffect,
,,,2041,3659,oWant,
,,,2041,3660,xAttr,
,,,2041,3661,xAttr,
,,,2041,3662,xAttr,
,,,2041,3663,xAttr,
,,,2041,3664,xAttr,
,,,2041,3665,xEffect,
,,,2041,3666,xEffect,
,,,2041,3667,xEffect,
,,,2041,3668,xEffect,
,,,2041,3669,xIntent,
,,,2041,3670,xNeed,
,,,2041,3671,xReact,
,,,2041,3672,xWant,
,,,3673,2185,xWant,
,,,3674,2155,xAttr,
,,,2042,3675,oWant,
,,,2042,3676,xAttr,
,,,2042,3677,xAttr,
,,,2042,3678,xAttr,
,,,2042,3679,xAttr,
,,,2042,3680,xAttr,
,,,2042,3681,xEffect,
,,,2042,3682,xEffect,
,,,2042,3683,xEffect,
,,,2042,3684,xEffect,
,,,2042,3685,xEffect,
,,,2042,3686,xEffect,
,,,2042,3687,xIntent,
,,,2042,3688,xIntent,
,,,2042,3689,xIntent,
,,,2042,3690,xReact,
,,,2042,3691,xReact,
,,,2042,3692,xReact,
,,,2042,3693,xReact,
,,,2042,3694,xWant,
,,,2042,3695,xWant,
,,,2042,3696,xWant,
,,,2042,3697,xWant,
,,,2042,3698,xNeed,
,,,2042,3699,xNeed,
,,,2042,3700,isAfter,
,,,2042,3701,isAfter,
,,,2042,3702,isBefore,
,,,2042,3703,isBefore,
,,,3704,2152,xAttr,
,,,3705,2151,xReact,
,,,3706,2245,xAttr,
,,,3706,2270,xAttr,
,,,3707,2265,xNeed,
,,,2043,3708,oReact,
,,,2043,3709,oWant,
,,,2043,3710,oWant,
,,,2043,3711,xEffect,
,,,2043,3712,xEffect,
,,,2043,3713,xEffect,
,,,2043,3714,xEffect,
,,,2043,3715,xEffect,
,,,2043,3716,xReact,
,,,2043,3717,xWant,
,,,2043,3718,xWant,
,,,2043,3719,xWant,
,,,2043,3720,isAfter,
,,,2043,3721,isAfter,
,,,2043,3722,isBefore,
,,,2043,3723,isBefore,
,,,3724,2403,oWant,
,,,3725,2166,oEffect,
,,,3725,2160,xEffect,
,,,3726,2205,xEffect,
,,,2044,3727,xAttr,
,,,2044,3728,xAttr,
,,,2044,3729,xAttr,
,,,2044,3730,xEffect,
,,,2044,3731,xEffect,
,,,2044,3732,xEffect,
,,,2044,3733,xEffect,
,,,2044,3734,xEffect,
,,,2044,3735,xEffect,
,,,2044,3736,xNeed,
,,,2044,3737,xReact,
,,,2044,3738,xReact,
,,,2044,3739,xWant,
,,,2044,3740,xWant,
,,,2044,3741,isAfter,
,,,2044,3742,isAfter,
,,,2044,3743,isAfter,
,,,2044,3744,isBefore,
,,,2044,3745,isBefore,
,,,2044,3746,isBefore,
,,,3747,2155,xAttr,
,,,3747,2245,xReact,
,,,3748,2153,xEffect,
,,,2045,3749,oEffect,
,,,2045,3750,oEffect,
,,,2045,3751,xEffect,
,,,2045,3752,xEffect,
,,,2045,3753,xEffect,
,,,2045,3754,xNeed,
,,,2045,3755,xNeed,
,,,2045,3756,xReact,
,,,2045,3757,xReact,
,,,2045,3758,xReact,
,,,2045,3759,xWant,
,,,2045,3760,xWant,
,,,2045,3761,xWant,
,,,2045,3762,isAfter,
,,,2045,3763,isBefore,
,,,3764,2152,xEffect,
,,,3765,2150,oEffect,
,,,3766,2270,xReact,
,,,2046,3767,xAttr,
,,,2046,3768,xAttr,
,,,2046,3769,xAttr,
,,,2046,3770,xEffect,
,,,2046,3771,xEffect,
,,,2046,3772,xEffect,
,,,2046,3773,xEffect,
,,,2046,3774,xEffect,
,,,2046,3775,xNeed,
,,,2046,3776,xNeed,
,,,2046,3777,xNeed,
,,,2046,3778,xNeed,
,,,2046,3779,xReact,
,,,2046,3780,xWant,
,,,2046,3781,xWant,
,,,2046,3782,xWant,
,,,2046,3783,xWant,
,,,2046,3784,isBefore,
,,,2046,3785,isAfter,
,,,3786,2242,xAttr,
,,,3787,2191,xEffect,
,,,2047,3788,oEffect,
,,,2047,3789,oEffect,
,,,2047,3790,oEffect,
,,,2047,3791,oEffect,
,,,2047,3792,oEffect,
,,,2047,3793,oEffect,
,,,2047,3794,oReact,
,,,2047,3795,oWant,
,,,2047,3796,xAttr,
,,,2047,3797,xAttr,
,,,2047,3798,xEffect,
,,,2047,3799,xEffect,
,,,2047,3800,xIntent,
,,,2047,3801,xIntent,
,,,2047,3802,xNeed,
,,,2047,3803,xReact,
,,,2047,3804,xWant,
,,,2047,3805,xWant,
,,,2047,3806,xWant,
,,,2047,3807,xWant,
,,,2047,3808,isAfter,
,,,2047,3809,isBefore,
,,,3810,2199,xAttr,
,,,3811,2155,xReact,
,,,3811,2248,oReact,
,,,3811,2191,xReact,
,,,2048,3812,oReact,
,,,2048,3813,oReact,
,,,2048,3814,oWant,
,,,2048,3815,oWant,
,,,2048,3816,oWant,
,,,2048,3817,oWant,
,,,2048,3818,oWant,
,,,2048,3819,xAttr,
,,,2048,3820,xAttr,
,,,2048,3821,xAttr,
,,,2048,3822,xAttr,
,,,2048,3823,xAttr,
,,,2048,3824,xAttr,
,,,2048,3825,xEffect,
,,,2048,3826,xIntent,
,,,2048,3827,xIntent,
,,,2048,3828,xNeed,
,,,2048,3829,xNeed,
,,,2048,3830,xReact,
,,,2048,3831,xReact,
,,,2048,3832,xReact,
,,,2048,3833,xWant,
,,,2048,3834,xWant,
,,,2048,3835,xWant,
,,,2048,3836,xWant,
,,,2048,3837,xWant,
,,,2048,3838,isBefore,
,,,3839,2170,xEffect,
,,,3840,2165,xAttr,
,,,3841,2168,xAttr,
,,,3841,2135,xAttr,
,,,3842,2166,xIntent,
,,,3843,2281,xAttr,
,,,3843,2169,xReact,
,,,3843,2170,xReact,
,,,3843,2258,xReact,
,,,3844,2165,xAttr,
,,,3845,2170,xWant,
,,,2049,3846,xAttr,
,,,2049,3847,xAttr,
,,,2049,3848,xEffect,
,,,2049,3849,xEffect,
,,,2049,3850,xEffect,
,,,2049,3851,xEffect,
,,,2049,3852,xEffect,
,,,2049,3853,xNeed,
,,,2049,3854,xReact,
,,,2049,3855,xReact,
,,,2049,3856,xWant,
,,,2049,3857,xWant,
,,,2049,3858,isAfter,
,,,2049,3859,isAfter,
,,,2049,3860,isAfter,
,,,2049,3861,isBefore,
,,,2049,3862,isBefore,
,,,2049,3863,isBefore,
,,,3864,2191,xAttr,
,,,3865,2408,xEffect,
,,,3865,2191,xEffect,
,,,3865,2170,xEffect,
,,,3865,2186,xEffect,
,,,3866,2198,xReact,
,,,3866,2191,xAttr,
,,,2050,3867,xEffect,
,,,2050,3868,xEffect,
,,,2050,3869,xIntent,
,,,2050,3870,xIntent,
,,,2050,3871,xNeed,
,,,2050,3872,xNeed,
,,,2050,3873,xNeed,
,,,2050,3874,xNeed,
,,,2050,3875,xReact,
,,,2050,3876,xReact,
,,,2050,3877,xWant,
,,,2050,3878,xWant,
,,,2050,3879,xWant,
,,,2050,3880,xWant,
,,,2050,3881,isAfter,
,,,2050,3882,isBefore,
,,,2051,3883,oEffect,
,,,2051,3884,oEffect,
,,,2051,3885,xAttr,
,,,2051,3886,xAttr,
,,,2051,3887,xAttr,
,,,2051,3888,xEffect,
,,,2051,3889,xEffect,
,,,2051,3890,xEffect,
,,,2051,3891,xWant,
,,,2051,3892,xWant,
,,,2051,3893,xWant,
,,,2051,3894,xWant,
,,,2051,3895,isAfter,
,,,2051,3896,isBefore,
,,,3897,2153,xAttr,
,,,3897,2155,xAttr,
,,,2052,3898,xAttr,
,,,2052,3899,xAttr,
,,,2052,3900,xEffect,
,,,2052,3901,xReact,
,,,2052,3902,xWant,
,,,2052,3903,xWant,
,,,2052,3904,xWant,
,,,2052,3905,isAfter,
,,,2052,3906,isBefore,
,,,2053,3907,xEffect,
,,,2053,3908,xEffect,
,,,2053,3909,xEffect,
,,,2053,3910,xEffect,
,,,2053,3911,xEffect,
,,,2053,3912,xEffect,
,,,2053,3913,xEffect,
,,,2053,3914,xEffect,
,,,2053,3915,xNeed,
,,,2053,3916,xNeed,
,,,2053,3917,xNeed,
,,,2053,3918,xNeed,
,,,2053,3919,xReact,
,,,2053,3920,xWant,
,,,2053,3921,xWant,
,,,2053,3922,xWant,
,,,2053,3923,isAfter,
,,,2053,3924,isBefore,
,,,3925,2155,xEffect,
,,,3925,2191,xNeed,
,,,2054,3926,xAttr,
,,,2054,3927,xAttr,
,,,2054,3928,xEffect,
,,,2054,3929,xEffect,
,,,2054,3930,xEffect,
,,,2054,3931,xEffect,
,,,2054,3932,xEffect,
,,,2054,3933,xEffect,
,,,2054,3934,xEffect,
,,,2054,3935,xEffect,
,,,2054,3936,xEffect,
,,,2054,3937,xNeed,
,,,2054,3938,xNeed,
,,,2054,3939,xNeed,
,,,2054,3940,xNeed,
,,,2054,3941,xNeed,
,,,2054,3942,xNeed,
,,,2054,3943,xNeed,
,,,2054,3944,xWant,
,,,2054,3945,xWant,
,,,2054,3946,xWant,
,,,2054,3947,xWant,
,,,2054,3948,xWant,
,,,2054,3949,xWant,
,,,2054,3950,xWant,
,,,2054,3951,xWant,
,,,2054,3952,xWant,
,,,2054,3953,oEffect,
,,,2054,3954,oEffect,
,,,2054,3955,isAfter,
,,,2054,3956,isAfter,
,,,2054,3957,isBefore,
,,,2054,3958,isBefore,
,,,3959,2243,xAttr,
,,,3960,2198,xEffect,
,,,3961,2158,xWant,
,,,3962,2156,xWant,
,,,3962,2186,xNeed,
,,,3963,2153,xWant,
,,,3963,2154,xEffect,
,,,3963,2206,xIntent,
,,,2055,3964,oWant,
,,,2055,3965,oWant,
,,,2055,3966,oWant,
,,,2055,3967,xAttr,
,,,2055,3968,xAttr,
,,,2055,3969,xAttr,
,,,2055,3970,xEffect,
,,,2055,3971,xEffect,
,,,2055,3972,xNeed,
,,,2055,3973,xNeed,
,,,2055,3974,xNeed,
,,,2055,3975,xNeed,
,,,2055,3976,xReact,
,,,2055,3977,xWant,
,,,2055,3978,xWant,
,,,2055,3979,xWant,
,,,2055,3980,isAfter,
,,,3981,2282,isBefore,
,,,2056,3982,xAttr,
,,,2056,3983,xAttr,
,,,2056,3984,xAttr,
,,,2056,3985,xEffect,
,,,2056,3986,xEffect,
,,,2056,3987,xEffect,
,,,2056,3988,xEffect,
,,,2056,3989,xIntent,
,,,2056,3990,xNeed,
,,,2056,3991,xNeed,
,,,2056,3992,xNeed,
,,,2056,3993,xNeed,
,,,2056,3994,xWant,
,,,2056,3995,xWant,
,,,2056,3996,isAfter,
,,,2056,3997,isBefore,
,,,3998,2156,xEffect,
,,,2057,3999,oEffect,
,,,2057,4000,oEffect,
,,,2057,4001,oEffect,
,,,2057,4002,oEffect,
,,,2057,4003,xAttr,
,,,2057,4004,xAttr,
,,,2057,4005,xEffect,
,,,2057,4006,xEffect,
,,,2057,4007,xEffect,
,,,2057,4008,xEffect,
,,,2057,4009,xEffect,
,,,2057,4010,xReact,
,,,2057,4011,xWant,
,,,2057,4012,xWant,
,,,2057,4013,xWant,
,,,2057,4014,xWant,
,,,2057,4015,isAfter,
,,,2057,4016,isBefore,
,,,4017,2169,xWant,
,,,4018,2191,isAfter,
,,,2058,4019,oWant,
,,,2058,4020,oWant,
,,,2058,4021,xAttr,
,,,2058,4022,xAttr,
,,,2058,4023,xEffect,
,,,2058,5332,xEffect,
,,,2058,5333,xNeed,
,,,2058,5334,xNeed,
,,,2058,5335,xWant,
,,,2058,5336,xWant,
,,,2058,5337,xWant,
,,,2058,5338,xWant,
,,,2058,5339,xWant,
,,,2058,5340,xWant,
,,,2058,5341,isAfter,
,,,2058,5342,isAfter,
,,,2058,5343,isAfter,
,,,2058,5344,isBefore,
,,,2058,5345,isBefore,
,,,2058,5346,isBefore,
,,,5347,2191,xEffect,
,,,2059,5348,xAttr,
,,,2059,5349,xEffect,
,,,2059,5350,xEffect,
,,,2059,5351,xEffect,
,,,2059,5352,xEffect,
,,,2059,5353,xEffect,
,,,2059,5354,xEffect,
,,,2059,5355,xEffect,
,,,2059,5356,xNeed,
,,,2059,5357,xNeed,
,,,2059,5358,xNeed,
,,,2059,5359,xWant,
,,,2059,5360,isAfter,
,,,5361,2200,xNeed,
,,,2060,5362,oWant,
,,,2060,5363,oWant,
,,,2060,5364,oWant,
,,,2060,5365,oWant,
,,,2060,5366,xAttr,
,,,2060,5367,xAttr,
,,,2060,5368,xAttr,
,,,2060,5369,xNeed,
,,,2060,5370,xNeed,
,,,2060,5371,xNeed,
,,,2060,5372,xNeed,
,,,2060,5373,xNeed,
,,,2060,5374,xReact,
,,,2060,5375,xReact,
,,,2060,5376,xWant,
,,,2060,5377,xWant,
,,,2060,5378,xWant,
,,,2060,5379,xWant,
,,,2060,5380,xWant,
,,,5381,2245,xEffect,
,,,5382,2191,xAttr,
,,,5383,2184,xAttr,
,,,5384,2171,xWant,
,,,2061,5385,xAttr,
,,,2061,5386,xAttr,
,,,2061,5387,xEffect,
,,,2061,5388,xEffect,
,,,2061,5389,xEffect,
,,,2061,5390,xEffect,
,,,2061,5391,xEffect,
,,,2061,5392,xEffect,
,,,2061,5393,xIntent,
,,,2061,5394,xReact,
,,,2061,5395,xWant,
,,,2061,5396,xWant,
,,,2061,5397,isAfter,
,,,2061,5398,isBefore,
,,,2062,5399,oWant,
,,,2062,5400,oWant,
,,,2062,5401,xAttr,
,,,2062,5402,xAttr,
,,,2062,5403,xReact,
,,,2062,5404,xAttr,
,,,2062,5405,xAttr,
,,,2062,5406,xAttr,
,,,2062,5407,xAttr,
,,,2062,5408,xAttr,
,,,2062,5409,xEffect,
,,,2062,5410,xEffect,
,,,2062,5411,xEffect,
,,,2062,5412,xEffect,
,,,2062,5413,xEffect,
,,,2062,5414,xEffect,
,,,2062,5415,xEffect,
,,,2062,5416,xEffect,
,,,2062,5417,xNeed,
,,,2062,5418,xNeed,
,,,2062,5419,xNeed,
,,,2062,5420,xNeed,
,,,2062,5421,xReact,
,,,2062,5422,xWant,
,,,2062,5423,xWant,
,,,2062,5424,xWant,
,,,2062,5425,xWant,
,,,2062,5426,xWant,
,,,2062,5427,xWant,
,,,2062,5428,xWant,
,,,2062,5429,xWant,
,,,2062,5430,isAfter,
,,,2062,5431,isBefore,
,,,2062,5432,isBefore,
,,,5433,2191,xAttr,
,,,5433,2135,xAttr,
,,,5433,2184,xAttr,
,,,5434,2191,xAttr,
,,,5435,2270,xEffect,
,,,5436,2270,xWant,
,,,5437,2160,xEffect,
,,,5438,2169,xNeed,
,,,2063,5439,oEffect,
,,,2063,5440,oEffect,
,,,2063,5441,xAttr,
,,,2063,5442,xEffect,
,,,2063,5443,xEffect,
,,,2063,5444,xEffect,
,,,2063,5445,xEffect,
,,,2063,5446,xIntent,
,,,2063,5447,xNeed,
,,,2063,5448,xNeed,
,,,2063,5449,xReact,
,,,2063,5450,xWant,
,,,2063,5451,xWant,
,,,2063,5452,xWant,
,,,2063,5453,xWant,
,,,2063,5454,xWant,
,,,2063,5455,xWant,
,,,2063,5456,xWant,
,,,2063,5457,isAfter,
,,,2063,5458,isAfter,
,,,2063,5459,isAfter,
,,,2063,5460,isBefore,
,,,2063,5461,isBefore,
,,,2063,5462,isBefore,
,,,5463,2403,xEffect,
,,,5463,2191,xIntent,
,,,5464,2155,isAfter,
,,,5465,2135,xEffect,
,,,2064,5466,xAttr,
,,,2064,5467,xAttr,
,,,2064,5468,xAttr,
,,,2064,5469,xEffect,
,,,2064,5470,xEffect,
,,,2064,5471,xEffect,
,,,2064,5472,xIntent,
,,,2064,5473,xIntent,
,,,2064,5474,xWant,
,,,2064,5475,xWant,
,,,2064,5476,xWant,
,,,2064,5477,xNeed,
,,,2064,5478,xNeed,
,,,2064,5479,isAfter,
,,,2064,5480,isBefore,
,,,2064,5481,isBefore,
,,,5482,2191,xIntent,
,,,2065,5483,oWant,
,,,2065,5484,xAttr,
,,,2065,5485,xAttr,
,,,2065,5486,xAttr,
,,,2065,5487,xAttr,
,,,2065,5488,xAttr,
,,,2065,5489,xAttr,
,,,2065,5490,xEffect,
,,,2065,5491,xEffect,
,,,2065,5492,xEffect,
,,,2065,5493,xEffect,
,,,2065,5494,xEffect,
,,,2065,5495,xEffect,
,,,2065,5496,xEffect,
,,,2065,5497,xEffect,
,,,2065,5498,xEffect,
,,,2065,5499,xEffect,
,,,2065,5500,xEffect,
,,,2065,5501,xEffect,
,,,2065,5502,xEffect,
,,,2065,5503,xEffect,
,,,2065,5504,xEffect,
,,,2065,5505,xEffect,
,,,2065,5506,xEffect,
,,,2065,5507,xEffect,
,,,2065,5508,xEffect,
,,,2065,5509,xIntent,
,,,2065,5510,xIntent,
,,,2065,5511,xIntent,
,,,2065,5512,xIntent,
,,,2065,5513,xIntent,
,,,2065,5514,xIntent,
,,,2065,5515,xIntent,
,,,2065,5516,xWant,
,,,2065,5517,xNeed,
,,,2065,5518,xNeed,
,,,2065,5519,xNeed,
,,,2065,5520,xNeed,
,,,2065,5521,xNeed,
,,,2065,5522,xNeed,
,,,2065,5523,xNeed,
,,,2065,5524,xNeed,
,,,2065,5525,xNeed,
,,,2065,5526,xNeed,
,,,2065,5527,xNeed,
,,,2065,5528,xReact,
,,,2065,5529,xReact,
,,,2065,5530,xReact,
,,,2065,5531,xWant,
,,,2065,5532,xWant,
,,,2065,5533,xWant,
,,,2065,5534,xWant,
,,,2065,5535,xWant,
,,,2065,5536,xWant,
,,,2065,5537,xWant,
,,,2065,5538,xWant,
,,,2065,5539,oEffect,
,,,2065,5540,oEffect,
,,,2065,5541,oEffect,
,,,2065,5542,oEffect,
,,,2065,5543,oEffect,
,,,2065,5544,oEffect,
,,,2065,5545,oReact,
,,,2065,5546,oReact,
,,,2065,5547,isAfter,
,,,2065,5548,isAfter,
,,,2065,5549,isAfter,
,,,2065,5550,isAfter,
,,,2065,5551,isBefore,
,,,2065,5552,isBefore,
,,,2065,5553,isBefore,
,,,2065,5554,isBefore,
,,,5555,2200,xAttr,
,,,5556,2408,xAttr,
,,,5557,2249,xAttr,
,,,5558,2167,xEffect,
,,,5558,2169,oEffect,
,,,5559,2191,xIntent,
,,,5560,2403,xWant,
,,,5561,2206,oReact,
,,,2066,5562,xAttr,
,,,2066,5563,xAttr,
,,,2066,5564,xAttr,
,,,2066,5565,xEffect,
,,,2066,5566,xEffect,
,,,2066,5567,xEffect,
,,,2066,5568,xIntent,
,,,2066,5569,xIntent,
,,,2066,5570,xIntent,
,,,2066,5571,xIntent,
,,,2066,5572,xNeed,
,,,2066,5573,xNeed,
,,,2066,5574,xNeed,
,,,2066,5575,xReact,
,,,2066,5576,xWant,
,,,2066,5577,xWant,
,,,2066,5578,xWant,
,,,2066,5579,xWant,
,,,2066,5580,isAfter,
,,,2066,5581,isAfter,
,,,2066,5582,isBefore,
,,,2066,5583,isBefore,
,,,5584,2248,xReact,
,,,5584,2249,xAttr,
,,,5584,2439,xAttr,
,,,5584,2191,xReact,
,,,5585,2191,xNeed,
,,,2067,5586,oWant,
,,,2067,5587,oWant,
,,,2067,5588,xAttr,
,,,2067,5589,xAttr,
,,,2067,5590,xAttr,
,,,2067,5591,xEffect,
,,,2067,5592,xEffect,
,,,2067,5593,xIntent,
,,,2067,5594,xNeed,
,,,2067,5595,xNeed,
,,,2067,5596,xNeed,
,,,2067,5597,xNeed,
,,,2067,5598,xReact,
,,,2067,5599,xWant,
,,,2067,5600,xWant,
,,,2067,5601,xWant,
,,,2067,5602,xWant,
,,,5603,2191,xAttr,
,,,5604,2370,xAttr,
,,,2068,5605,oEffect,
,,,2068,5606,oEffect,
,,,2068,5607,oEffect,
,,,2068,5608,oEffect,
,,,2068,5609,oEffect,
,,,2068,5610,oEffect,
,,,2068,5611,oWant,
,,,2068,5612,oWant,
,,,2068,5613,xAttr,
,,,2068,5614,xEffect,
,,,2068,5615,xEffect,
,,,2068,5616,xNeed,
,,,2068,5617,xNeed,
,,,2068,5618,xNeed,
,,,2068,5619,xReact,
,,,2068,5620,xReact,
,,,2068,5621,xWant,
,,,2068,5622,xWant,
,,,5623,2171,oWant,
,,,5624,2171,oEffect,
,,,2069,5625,xAttr,
,,,2069,5626,xAttr,
,,,2069,5627,xEffect,
,,,2069,5628,xEffect,
,,,2069,5629,xEffect,
,,,2069,5630,xEffect,
,,,2069,5631,xWant,
,,,2069,5632,xWant,
,,,2069,5633,isAfter,
,,,2070,5634,xAttr,
,,,2070,5635,xAttr,
,,,2070,5636,xAttr,
,,,2070,5637,xEffect,
,,,2070,5638,xEffect,
,,,2070,5639,xEffect,
,,,2070,5640,xEffect,
,,,2070,5641,xIntent,
,,,2070,5642,xNeed,
,,,2070,5643,xNeed,
,,,2070,5644,xNeed,
,,,2070,5645,xNeed,
,,,2070,5646,xReact,
,,,2070,5647,xReact,
,,,2070,5648,xWant,
,,,2070,5649,xWant,
,,,2070,5650,xWant,
,,,2070,5651,xWant,
,,,2070,5652,xWant,
,,,2070,5653,xWant,
,,,5654,2439,xAttr,
,,,5654,2250,xAttr,
,,,5655,2439,xAttr,
,,,5655,2191,xReact,
,,,5656,2249,xReact,
,,,2071,5657,xAttr,
,,,2071,5658,xAttr,
,,,2071,5659,xAttr,
,,,2071,5660,xEffect,
,,,2071,5661,xEffect,
,,,2071,5662,xEffect,
,,,2071,5663,xEffect,
,,,2071,5664,xEffect,
,,,2071,5665,xEffect,
,,,2071,5666,xEffect,
,,,2071,5667,xEffect,
,,,2071,5668,xEffect,
,,,2071,5669,xEffect,
,,,2071,5670,xEffect,
,,,2071,5671,xNeed,
,,,2071,5672,xNeed,
,,,2071,5673,xNeed,
,,,2071,5674,xNeed,
,,,2071,5675,xNeed,
,,,2071,5676,xNeed,
,,,2071,5677,xWant,
,,,2071,5678,xWant,
,,,2071,5679,xWant,
,,,2071,5680,xWant,
,,,2071,5681,xWant,
,,,2071,5682,xWant,
,,,2071,5683,xWant,
,,,2071,5684,xWant,
,,,2071,5685,xWant,
,,,2071,5686,xWant,
,,,2071,5687,xWant,
,,,2071,5688,isAfter,
,,,2071,5689,isAfter,
,,,2071,5690,isAfter,
,,,2071,5691,isAfter,
,,,2071,5692,isBefore,
,,,2071,5693,isBefore,
,,,2071,5694,isBefore,
,,,2071,5695,isBefore,
,,,5696,2170,oEffect,
,,,5697,2169,xEffect,
,,,5697,2282,xWant,
,,,5698,2245,oWant,
,,,2072,5699,oEffect,
,,,2072,5700,oReact,
,,,2072,5701,oReact,
,,,2072,5702,oWant,
,,,2072,5703,oWant,
,,,2072,5704,oWant,
,,,2072,5705,xAttr,
,,,2072,5706,xEffect,
,,,2072,5707,xEffect,
,,,2072,5708,xEffect,
,,,2072,5709,xEffect,
,,,2072,5710,xEffect,
,,,2072,5711,xIntent,
,,,2072,5712,xIntent,
,,,2072,5713,xIntent,
,,,2072,5714,xNeed,
,,,2072,5715,xNeed,
,,,2072,5716,xNeed,
,,,2072,5717,xReact,
,,,2072,5718,xWant,
,,,2072,5719,xWant,
,,,2072,5720,xWant,
,,,2072,5721,xWant,
,,,5722,2170,xReact,
,,,2073,5723,xAttr,
,,,2073,5724,xEffect,
,,,2073,5725,xEffect,
,,,2073,5726,xEffect,
,,,2073,5727,xEffect,
,,,2073,5728,xReact,
,,,2073,5729,xWant,
,,,2073,5730,xWant,
,,,2073,5731,xWant,
,,,2073,5732,isAfter,
,,,2073,5733,isAfter,
,,,2073,5734,isAfter,
,,,2073,5735,isBefore,
,,,2073,5736,isBefore,
,,,2073,5737,isBefore,
,,,2074,5738,oWant,
,,,2074,5739,xAttr,
,,,2074,5740,xAttr,
,,,2074,5741,xEffect,
,,,2074,5742,xEffect,
,,,2074,5743,xEffect,
,,,2074,5744,xEffect,
,,,2074,5745,xEffect,
,,,2074,5746,xIntent,
,,,2074,5747,xReact,
,,,2074,5748,xReact,
,,,2074,5749,xWant,
,,,2074,5750,xWant,
,,,2074,5751,xWant,
,,,2074,5752,xWant,
,,,2074,5753,xWant,
,,,2074,5754,isAfter,
,,,2075,5755,oReact,
,,,2075,5756,oWant,
,,,2075,5757,oWant,
,,,2075,5758,oWant,
,,,2075,5759,xAttr,
,,,2075,5760,xAttr,
,,,2075,5761,xAttr,
,,,2075,5762,xEffect,
,,,2075,5763,xEffect,
,,,2075,5764,xEffect,
,,,2075,5765,xEffect,
,,,2075,5766,xEffect,
,,,2075,5767,xIntent,
,,,2075,5768,xIntent,
,,,2075,5769,xNeed,
,,,2075,5770,xNeed,
,,,2075,5771,xNeed,
,,,2075,5772,xReact,
,,,2075,5773,xReact,
,,,2075,5774,xWant,
,,,2075,5775,xWant,
,,,2075,5776,xWant,
,,,2075,5777,isAfter,
,,,2075,5778,isAfter,
,,,2075,5779,isAfter,
,,,2075,5780,isBefore,
,,,2075,5781,isBefore,
,,,2075,5782,isBefore,
,,,5783,2171,xEffect,
,,,2076,5784,oWant,
,,,2076,5785,xAttr,
,,,2076,5786,xAttr,
,,,2076,5787,xEffect,
,,,2076,5788,xEffect,
,,,2076,5789,xEffect,
,,,2076,5790,xNeed,
,,,2076,5791,xNeed,
,,,2076,5792,xNeed,
,,,2076,5793,xWant,
,,,2076,5794,xWant,
,,,2076,5795,xWant,
,,,2076,5796,xWant,
,,,2076,5797,isAfter,
,,,2076,5798,isBefore,
,,,5799,2370,xAttr,
,,,5800,2191,xEffect,
,,,2077,5801,xEffect,
,,,2077,5802,xEffect,
,,,2077,5803,xEffect,
,,,2077,5804,xEffect,
,,,2077,5805,xEffect,
,,,2077,5806,xNeed,
,,,2077,5807,xNeed,
,,,2077,5808,xReact,
,,,2077,5809,xWant,
,,,2077,5810,xWant,
,,,2077,5811,xWant,
,,,2077,5812,xWant,
,,,2077,5813,isAfter,
,,,2077,5814,isBefore,
,,,2078,5815,oWant,
,,,2078,5816,oWant,
,,,2078,5817,xAttr,
,,,2078,5818,xEffect,
,,,2078,5819,xEffect,
,,,2078,5820,xEffect,
,,,2078,5821,xEffect,
,,,2078,5822,xEffect,
,,,2078,5823,xEffect,
,,,2078,5824,xIntent,
,,,2078,5825,xIntent,
,,,2078,5826,xIntent,
,,,2078,5827,xNeed,
,,,2078,5828,xNeed,
,,,2078,5829,xNeed,
,,,2078,5830,xNeed,
,,,2078,5831,xNeed,
,,,2078,5832,xNeed,
,,,2078,5833,xReact,
,,,2078,5834,xReact,
,,,2078,5835,xReact,
,,,2078,5836,xWant,
,,,2078,5837,xWant,
,,,2078,5838,xWant,
,,,2078,5839,xWant,
,,,2078,5840,xWant,
,,,2078,5841,xWant,
,,,2078,5842,xWant,
,,,2078,5843,isAfter,
,,,2078,5844,isBefore,
,,,5845,2250,xAttr,
,,,5846,2250,xEffect,
,,,5847,2250,xEffect,
,,,5848,2191,xEffect,
,,,5849,2250,xReact,
,,,2079,5850,xAttr,
,,,2079,5851,xAttr,
,,,2079,5852,xAttr,
,,,2079,5853,xEffect,
,,,2079,5854,xEffect,
,,,2079,5855,xEffect,
,,,2079,5856,xEffect,
,,,2079,5857,xIntent,
,,,2079,5858,xNeed,
,,,2079,5859,xNeed,
,,,2079,5860,xNeed,
,,,2079,5861,xNeed,
,,,2079,5862,xWant,
,,,2080,5863,oEffect,
,,,2080,5864,oEffect,
,,,2080,5865,xEffect,
,,,2080,5866,xEffect,
,,,2080,5867,xEffect,
,,,2080,5868,xEffect,
,,,2080,5869,xNeed,
,,,2080,5870,xNeed,
,,,2080,5871,xNeed,
,,,2080,5872,xNeed,
,,,2080,5873,xWant,
,,,2080,5874,xWant,
,,,2080,5875,xWant,
,,,2080,5876,isAfter,
,,,2081,5877,oReact,
,,,2081,5878,oReact,
,,,2081,5879,xAttr,
,,,2081,5880,xAttr,
,,,2081,5881,xEffect,
,,,2081,5882,xEffect,
,,,2081,5883,xEffect,
,,,2081,5884,xEffect,
,,,2081,5885,xEffect,
,,,2081,5886,xEffect,
,,,2081,5887,xEffect,
,,,2081,5888,xEffect,
,,,2081,5889,xEffect,
,,,2081,5890,xIntent,
,,,2081,5891,xNeed,
,,,2081,5892,xNeed,
,,,2081,5893,xNeed,
,,,2081,5894,xNeed,
,,,2081,5895,xNeed,
,,,2081,5896,xNeed,
,,,2081,5897,xNeed,
,,,2081,5898,xReact,
,,,2081,5899,xWant,
,,,2081,5900,xWant,
,,,2081,5901,xWant,
,,,2081,5902,xWant,
,,,2081,5903,xWant,
,,,2081,5904,xWant,
,,,2081,5905,xWant,
,,,2081,5906,xWant,
,,,2081,5907,xWant,
,,,2081,5908,oEffect,
,,,2081,5909,oEffect,
,,,2081,5910,oWant,
,,,2081,5911,isAfter,
,,,2081,5912,isAfter,
,,,2081,5913,isAfter,
,,,2081,5914,isAfter,
,,,2081,5915,isBefore,
,,,2081,5916,isBefore,
,,,2081,5917,isBefore,
,,,2081,5918,isBefore,
,,,2082,5919,oEffect,
,,,2082,5920,oEffect,
,,,2082,5921,oWant,
,,,2082,5922,oWant,
,,,2082,5923,xAttr,
,,,2082,5924,xEffect,
,,,2082,5925,xEffect,
,,,2082,5926,xEffect,
,,,2082,5927,xEffect,
,,,2082,5928,xNeed,
,,,2082,5929,xNeed,
,,,2082,5930,xNeed,
,,,2082,5931,xWant,
,,,2082,5932,xWant,
,,,2082,5933,xWant,
,,,2082,5934,xWant,
,,,2082,5935,xWant,
,,,2082,5936,xWant,
,,,2082,5937,xWant,
,,,2082,5938,xWant,
,,,2082,5939,xWant,
,,,2082,5940,isAfter,
,,,2082,5941,isAfter,
,,,2082,5942,isAfter,
,,,2082,5943,isBefore,
,,,2082,5944,isBefore,
,,,5945,2184,xAttr,
,,,5946,2191,xEffect,
,,,5947,2191,xWant,
,,,5948,2186,xWant,
,,,2083,5949,xAttr,
,,,2083,5950,xAttr,
,,,2083,5951,xAttr,
,,,2083,5952,xEffect,
,,,2083,5953,xEffect,
,,,2083,5954,xReact,
,,,2083,5955,xWant,
,,,2083,5956,xWant,
,,,2083,5957,xWant,
,,,2083,5958,xWant,
,,,2083,5959,isAfter,
,,,2083,5960,isAfter,
,,,2083,5961,isAfter,
,,,2083,5962,isBefore,
,,,2083,5963,isBefore,
,,,2083,5964,isBefore,
,,,2084,5965,oWant,
,,,2084,5966,oWant,
,,,2084,5967,oWant,
,,,2084,5968,oWant,
,,,2084,5969,oWant,
,,,2084,5970,oWant,
,,,2084,5971,oWant,
,,,2084,5972,oWant,
,,,2084,5973,oWant,
,,,2084,5974,xAttr,
,,,2084,5975,xAttr,
,,,2084,5976,xAttr,
,,,2084,5977,xAttr,
,,,2084,5978,xAttr,
,,,2084,5979,xAttr,
,,,2084,5980,xReact,
,,,2084,5981,xAttr,
,,,2084,5982,xAttr,
,,,2084,5983,xReact,
,,,2084,5984,xAttr,
,,,2084,5985,xAttr,
,,,2084,5986,xAttr,
,,,2084,5987,xAttr,
,,,2084,5988,xAttr,
,,,2084,5989,xAttr,
,,,2084,5990,xAttr,
,,,2084,5991,xAttr,
,,,2084,5992,xReact,
,,,2084,5993,xAttr,
,,,2084,5994,xAttr,
,,,2084,5995,xAttr,
,,,2084,5996,xAttr,
,,,2084,5997,xAttr,
,,,2084,5998,xAttr,
,,,2084,5999,xAttr,
,,,2084,6000,xAttr,
,,,2084,6001,xAttr,
,,,2084,6002,xAttr,
,,,2084,6003,xEffect,
,,,2084,6004,xEffect,
,,,2084,6005,xEffect,
,,,2084,6006,xEffect,
,,,2084,6007,xEffect,
,,,2084,6008,xEffect,
,,,2084,6009,xEffect,
,,,2084,6010,xEffect,
,,,2084,6011,xEffect,
,,,2084,6012,xEffect,
,,,2084,6013,xEffect,
,,,2084,6014,xEffect,
,,,2084,6015,xEffect,
,,,2084,6016,xEffect,
,,,2084,6017,xEffect,
,,,2084,6018,xEffect,
,,,2084,6019,xEffect,
,,,2084,6020,xEffect,
,,,2084,6021,xEffect,
,,,2084,6022,xWant,
,,,2084,6023,xEffect,
,,,2084,6024,xEffect,
,,,2084,6025,xEffect,
,,,2084,6026,xEffect,
,,,2084,6027,xEffect,
,,,2084,6028,xEffect,
,,,2084,6029,xEffect,
,,,2084,6030,xEffect,
,,,2084,6031,xEffect,
,,,2084,6032,xEffect,
,,,2084,6033,xEffect,
,,,2084,6034,xEffect,
,,,2084,6035,xEffect,
,,,2084,6036,xEffect,
,,,2084,6037,xEffect,
,,,2084,6038,xEffect,
,,,2084,6039,xEffect,
,,,2084,6040,xEffect,
,,,2084,6041,xEffect,
,,,2084,6042,xEffect,
,,,2084,6043,xEffect,
,,,2084,6044,xEffect,
,,,2084,6045,xEffect,
,,,2084,6046,xEffect,
,,,2084,6047,xEffect,
,,,2084,6048,xEffect,
,,,2084,6049,xEffect,
,,,2084,6050,xEffect,
,,,2084,6051,xEffect,
,,,2084,6052,xEffect,
,,,2084,6053,xEffect,
,,,2084,6054,xEffect,
,,,2084,6055,xEffect,
,,,2084,6056,xEffect,
,,,2084,6057,xEffect,
,,,2084,6058,xEffect,
,,,2084,6059,xEffect,
,,,2084,6060,xEffect,
,,,2084,6061,xEffect,
,,,2084,6062,xEffect,
,,,2084,6063,xEffect,
,,,2084,6064,xIntent,
,,,2084,6065,xIntent,
,,,2084,6066,xIntent,
,,,2084,6067,xIntent,
,,,2084,6068,xIntent,
,,,2084,6069,xNeed,
,,,2084,6070,xNeed,
,,,2084,6071,xNeed,
,,,2084,6072,xNeed,
,,,2084,6073,xNeed,
,,,2084,6074,xNeed,
,,,2084,6075,xNeed,
,,,2084,6076,xNeed,
,,,2084,6077,xNeed,
,,,2084,6078,xNeed,
,,,2084,6079,xNeed,
,,,2084,6080,xNeed,
,,,2084,6081,xNeed,
,,,2084,6082,xNeed,
,,,2084,6083,xNeed,
,,,2084,6084,xNeed,
,,,2084,6085,xNeed,
,,,2084,6086,xNeed,
,,,2084,6087,xNeed,
,,,2084,6088,xNeed,
,,,2084,6089,xNeed,
,,,2084,6090,xNeed,
,,,2084,6091,xNeed,
,,,2084,6092,xNeed,
,,,2084,6093,xNeed,
,,,2084,6094,xNeed,
,,,2084,6095,xNeed,
,,,2084,6096,xNeed,
,,,2084,6097,xNeed,
,,,2084,6098,xNeed,
,,,2084,6099,xNeed,
,,,2084,6100,xNeed,
,,,2084,6101,xNeed,
,,,2084,6102,xWant,
,,,2084,6103,xNeed,
,,,2084,6104,xNeed,
,,,2084,6105,xNeed,
,,,2084,6106,xNeed,
,,,2084,6107,xReact,
,,,2084,6108,xReact,
,,,2084,6109,xReact,
,,,2084,6110,xReact,
,,,2084,6111,xReact,
,,,2084,6112,xReact,
,,,2084,6113,xReact,
,,,2084,6114,xReact,
,,,2084,6115,xReact,
,,,2084,6116,xReact,
,,,2084,6117,xReact,
,,,2084,6118,xReact,
,,,2084,6119,xReact,
,,,2084,6120,xWant,
,,,2084,6121,xWant,
,,,2084,6122,xWant,
,,,2084,6123,xWant,
,,,2084,6124,xWant,
,,,2084,6125,xWant,
,,,2084,6126,xWant,
,,,2084,6127,xWant,
,,,2084,6128,xWant,
,,,2084,6129,xWant,
,,,2084,6130,xWant,
,,,2084,6131,xWant,
,,,2084,6132,xWant,
,,,2084,6133,xWant,
,,,2084,6134,xWant,
,,,2084,6135,xWant,
,,,2084,6136,xWant,
,,,2084,6137,xWant,
,,,2084,6138,xWant,
,,,2084,6139,xWant,
,,,2084,6140,xWant,
,,,2084,6141,xWant,
,,,2084,6142,xWant,
,,,2084,6143,xWant,
,,,2084,6144,xWant,
,,,2084,6145,xWant,
,,,2084,6146,xWant,
,,,2084,6147,xWant,
,,,2084,6148,xWant,
,,,2084,6149,xWant,
,,,2084,6150,xWant,
,,,2084,6151,xWant,
,,,2084,6152,xWant,
,,,2084,6153,xWant,
,,,2084,6154,xWant,
,,,2084,6155,xWant,
,,,2084,6156,xWant,
,,,2084,6157,xWant,
,,,2084,6158,xWant,
,,,2084,6159,xWant,
,,,2084,6160,xWant,
,,,2084,6161,xWant,
,,,2084,6162,xWant,
,,,2084,6163,xWant,
,,,2084,6164,xWant,
,,,2084,6165,xWant,
,,,2084,6166,xWant,
,,,2084,6167,xWant,
,,,2084,6168,xWant,
,,,2084,6169,xWant,
,,,2084,6170,xWant,
,,,2084,6171,xWant,
,,,2084,6172,xWant,
,,,2084,6173,xWant,
,,,2084,6174,xWant,
,,,2084,6175,xWant,
,,,2084,6176,xWant,
,,,2084,6177,xWant,
,,,2084,6178,xWant,
,,,2084,6179,xWant,
,,,2084,6180,xWant,
,,,2084,6181,xWant,
,,,2084,6182,oReact,
,,,2084,6183,oReact,
,,,2084,6184,isAfter,
,,,2084,6185,isAfter,
,,,2084,6186,isAfter,
,,,2084,6187,isAfter,
,,,2084,6188,isAfter,
,,,2084,6189,isAfter,
,,,2084,6190,isAfter,
,,,2084,6191,isAfter,
,,,2084,6192,isAfter,
,,,2084,6193,isAfter,
,,,2084,6194,isAfter,
,,,2084,6195,isAfter,
,,,2084,6196,isAfter,
,,,2084,6197,isAfter,
,,,2084,6198,isBefore,
,,,2084,6199,isBefore,
,,,2084,6200,isBefore,
,,,2084,6201,isBefore,
,,,2084,6202,isBefore,
,,,2084,6203,isBefore,
,,,2084,6204,isBefore,
,,,2084,6205,isBefore,
,,,2084,6206,isBefore,
,,,2084,6207,isBefore,
,,,2084,6208,isBefore,
,,,6209,2250,xReact,
,,,6210,2200,xReact,
,,,6211,2200,xEffect,
,,,6212,2172,xWant,
,,,6213,2172,xWant,
,,,6214,2170,oEffect,
,,,2085,6215,oWant,
,,,2085,6216,oWant,
,,,2085,6217,xAttr,
,,,2085,6218,xAttr,
,,,2085,6219,xAttr,
,,,2085,6220,xEffect,
,,,2085,6221,xEffect,
,,,2085,6222,xEffect,
,,,2085,6223,xEffect,
,,,2085,6224,xEffect,
,,,2085,6225,xNeed,
,,,2085,6226,xNeed,
,,,2085,6227,xNeed,
,,,2085,6228,xNeed,
,,,2085,6229,xNeed,
,,,2085,6230,xWant,
,,,2085,6231,xWant,
,,,2085,6232,xWant,
,,,2085,6233,xWant,
,,,2085,6234,xWant,
,,,2085,6235,isAfter,
,,,2085,6236,isBefore,
,,,2086,6237,oEffect,
,,,2086,6238,oEffect,
,,,2086,6239,oEffect,
,,,2086,6240,oEffect,
,,,2086,6241,oEffect,
,,,2086,6242,oEffect,
,,,2086,6243,oReact,
,,,2086,6244,oWant,
,,,2086,6245,oWant,
,,,2086,6246,oWant,
,,,2086,6247,oWant,
,,,2086,6248,oWant,
,,,2086,6249,oWant,
,,,2086,6250,xAttr,
,,,2086,6251,xAttr,
,,,2086,6252,xAttr,
,,,2086,6253,xAttr,
,,,2086,6254,xAttr,
,,,2086,6255,xAttr,
,,,2086,6256,xEffect,
,,,2086,6257,xEffect,
,,,2086,6258,xEffect,
,,,2086,6259,xEffect,
,,,2086,6260,xEffect,
,,,2086,6261,xEffect,
,,,2086,6262,xEffect,
,,,2086,6263,xIntent,
,,,2086,6264,xIntent,
,,,2086,6265,xIntent,
,,,2086,6266,xIntent,
,,,2086,6267,xIntent,
,,,2086,6268,xNeed,
,,,2086,6269,xNeed,
,,,2086,6270,xNeed,
,,,2086,6271,xNeed,
,,,2086,6272,xNeed,
,,,2086,6273,xNeed,
,,,2086,6274,xNeed,
,,,2086,6275,xNeed,
,,,2086,6276,xNeed,
,,,2086,6277,xNeed,
,,,2086,6278,xNeed,
,,,2086,6279,xReact,
,,,2086,6280,xReact,
,,,2086,6281,xWant,
,,,2086,6282,xWant,
,,,2086,6283,xWant,
,,,2086,6284,xWant,
,,,2086,6285,xWant,
,,,2086,6286,xWant,
,,,2086,6287,xWant,
,,,2086,6288,xWant,
,,,2086,6289,xWant,
,,,6290,2171,xNeed,
,,,6291,2171,xWant,
,,,6292,2171,xAttr,
,,,6293,2171,oEffect,
,,,6294,2171,xIntent,
,,,2087,6295,xReact,
,,,2087,6296,xAttr,
,,,2087,6297,xAttr,
,,,2087,6298,xEffect,
,,,2087,6299,xEffect,
,,,2087,6300,xEffect,
,,,2087,6301,xEffect,
,,,2087,6302,xEffect,
,,,2087,6303,xEffect,
,,,2087,6304,xNeed,
,,,2087,6305,xNeed,
,,,2087,6306,xNeed,
,,,2087,6307,xNeed,
,,,2087,6308,xNeed,
,,,2087,6309,xWant,
,,,2087,6310,xWant,
,,,2087,6311,xWant,
,,,2087,6312,xWant,
,,,2087,6313,isAfter,
,,,2087,6314,isAfter,
,,,6315,2270,xWant,
,,,2088,6316,oEffect,
,,,2088,6317,oEffect,
,,,2088,6318,oEffect,
,,,2088,6319,oEffect,
,,,2088,6320,oEffect,
,,,2088,6321,oReact,
,,,2088,6322,oReact,
,,,2088,6323,oReact,
,,,2088,6324,oWant,
,,,2088,6325,oWant,
,,,2088,6326,oWant,
,,,2088,6327,oWant,
,,,2088,6328,oWant,
,,,2088,6329,oWant,
,,,2088,6330,oWant,
,,,2088,6331,xAttr,
,,,2088,6332,xAttr,
,,,2088,6333,xAttr,
,,,2088,6334,xAttr,
,,,2088,6335,xAttr,
,,,2088,6336,xAttr,
,,,2088,6337,xAttr,
,,,2088,6338,xAttr,
,,,2088,6339,xEffect,
,,,2088,6340,xEffect,
,,,2088,6341,xEffect,
,,,2088,6342,xEffect,
,,,2088,6343,xEffect,
,,,2088,6344,xEffect,
,,,2088,6345,xEffect,
,,,2088,6346,xIntent,
,,,2088,6347,xIntent,
,,,2088,6348,xIntent,
,,,2088,6349,xIntent,
,,,2088,6350,xIntent,
,,,2088,6351,xNeed,
,,,2088,6352,xNeed,
,,,2088,6353,xNeed,
,,,2088,6354,xNeed,
,,,2088,6355,xNeed,
,,,2088,6356,xNeed,
,,,2088,6357,xNeed,
,,,2088,6358,xNeed,
,,,2088,6359,xNeed,
,,,2088,6360,xReact,
,,,2088,6361,xReact,
,,,2088,6362,xWant,
,,,2088,6363,xWant,
,,,2088,6364,xWant,
,,,2088,6365,xWant,
,,,2088,6366,xWant,
,,,2088,6367,xWant,
,,,2088,6368,xWant,
,,,2088,6369,xWant,
,,,2088,6370,isAfter,
,,,2088,6371,isAfter,
,,,2088,6372,isAfter,
,,,2088,6373,isAfter,
,,,2088,6374,isBefore,
,,,2088,6375,isBefore,
,,,2088,6376,isBefore,
,,,2088,6377,isBefore,
,,,2089,6378,oWant,
,,,2089,6379,oWant,
,,,2089,6380,xEffect,
,,,2089,6381,xEffect,
,,,2089,6382,xEffect,
,,,2089,6383,xEffect,
,,,2089,6384,xReact,
,,,2089,6385,xWant,
,,,2089,6386,xWant,
,,,2089,6387,xWant,
,,,2089,6388,xWant,
,,,2089,6389,xWant,
,,,2089,6390,xWant,
,,,2089,6391,xWant,
,,,2089,6392,isAfter,
,,,2090,6393,xAttr,
,,,2090,6394,xEffect,
,,,2090,6395,xEffect,
,,,2090,6396,xEffect,
,,,2090,6397,xIntent,
,,,2090,6398,xIntent,
,,,2090,6399,xIntent,
,,,2090,6400,xReact,
,,,2090,6401,xReact,
,,,2090,6402,xReact,
,,,2090,6403,isAfter,
,,,2090,6404,isBefore,
,,,6405,2172,xAttr,
,,,2091,6406,xEffect,
,,,2091,6407,xEffect,
,,,2091,6408,xEffect,
,,,2091,6409,xNeed,
,,,2091,6410,xNeed,
,,,2091,6411,xNeed,
,,,2091,6412,xReact,
,,,2091,6413,xWant,
,,,2091,6414,xWant,
,,,2091,6415,xWant,
,,,2091,6416,xWant,
,,,2091,6417,isAfter,
,,,2091,6418,isBefore,
,,,2092,6419,xAttr,
,,,2092,6420,xAttr,
,,,2092,6421,xEffect,
,,,2092,6422,xEffect,
,,,2092,6423,xEffect,
,,,2092,6424,xEffect,
,,,2092,6425,xIntent,
,,,2092,6426,xIntent,
,,,2092,6427,xNeed,
,,,2092,6428,xNeed,
,,,2092,6429,xReact,
,,,2092,6430,xWant,
,,,2093,6431,isAfter,
,,,2093,6432,isBefore,
,,,2093,6433,oWant,
,,,2093,6434,oWant,
,,,2093,6435,xAttr,
,,,2093,6436,xAttr,
,,,2093,6437,xAttr,
,,,2093,6438,xEffect,
,,,2093,6439,xIntent,
,,,2093,6440,xNeed,
,,,2093,6441,xNeed,
,,,2093,6442,xWant,
,,,2093,6443,xWant,
,,,2093,6444,xWant,
,,,2093,6445,xWant,
,,,2093,6446,xWant,
,,,2094,6447,oEffect,
,,,2094,6448,oEffect,
,,,2094,6449,oWant,
,,,2094,6450,oWant,
,,,2094,6451,xAttr,
,,,2094,6452,xAttr,
,,,2094,6453,xEffect,
,,,2094,6454,xEffect,
,,,2094,6455,xEffect,
,,,2094,6456,xNeed,
,,,2094,6457,xNeed,
,,,2094,6458,xNeed,
,,,2094,6459,xNeed,
,,,2094,6460,xReact,
,,,2094,6461,xWant,
,,,2094,6462,xWant,
,,,2094,6463,xWant,
,,,2094,6464,xWant,
,,,2095,6465,oEffect,
,,,2095,6466,oEffect,
,,,2095,6467,oReact,
,,,2095,6468,oReact,
,,,2095,6469,oWant,
,,,2095,6470,oWant,
,,,2095,6471,oWant,
,,,2095,6472,oWant,
,,,2095,6473,oWant,
,,,2095,6474,xAttr,
,,,2095,6475,xAttr,
,,,2095,6476,xAttr,
,,,2095,6477,xEffect,
,,,2095,6478,xNeed,
,,,2095,6479,xNeed,
,,,2095,6480,xReact,
,,,2095,6481,xWant,
,,,2095,6482,xWant,
,,,2095,6483,xWant,
,,,2095,6484,xWant,
,,,2095,6485,xWant,
,,,2095,6486,xWant,
,,,2096,6487,xAttr,
,,,2096,6488,xAttr,
,,,2096,6489,xEffect,
,,,2096,6490,xEffect,
,,,2096,6491,xEffect,
,,,2096,6492,xEffect,
,,,2096,6493,xNeed,
,,,2096,6494,xNeed,
,,,2096,6495,xWant,
,,,2096,6496,xWant,
,,,2096,6497,isAfter,
,,,2096,6498,isAfter,
,,,2096,6499,isAfter,
,,,2096,6500,isBefore,
,,,2096,6501,isBefore,
,,,2096,6502,isBefore,
,,,2097,6503,xAttr,
,,,2097,6504,xAttr,
,,,2097,6505,xAttr,
,,,2097,6506,xEffect,
,,,2097,6507,xNeed,
,,,2097,6508,xNeed,
,,,2097,6509,xNeed,
,,,2097,6510,xReact,
,,,2097,6511,xWant,
,,,2097,6512,isAfter,
,,,2097,6513,isBefore,
,,,2098,6514,oReact,
,,,2098,6515,xEffect,
,,,2098,6516,xEffect,
,,,2098,6517,xEffect,
,,,2098,6518,xEffect,
,,,2098,6519,xEffect,
,,,2098,6520,xEffect,
,,,2098,6521,xIntent,
,,,2098,6522,xIntent,
,,,2098,6523,xReact,
,,,2098,6524,xReact,
,,,2098,6525,xWant,
,,,2098,6526,xWant,
,,,2098,6527,xWant,
,,,2098,6528,xWant,
,,,2098,6529,xWant,
,,,2098,6530,isAfter,
,,,2098,6531,isBefore,
,,,2099,6532,oEffect,
,,,2099,6533,oEffect,
,,,2099,6534,xEffect,
,,,2099,6535,xEffect,
,,,2099,6536,xNeed,
,,,2099,6537,xNeed,
,,,2099,6538,xWant,
,,,2099,6539,xWant,
,,,2099,6540,xWant,
,,,2099,6541,xWant,
,,,2099,6542,isAfter,
,,,2099,6543,isBefore,
,,,2100,6544,xAttr,
,,,2100,6545,xAttr,
,,,2100,6546,xAttr,
,,,2100,6547,xAttr,
,,,2100,6548,xAttr,
,,,2100,6549,xAttr,
,,,2100,6550,xAttr,
,,,2100,6551,xAttr,
,,,2100,6552,xAttr,
,,,2100,6553,xEffect,
,,,2100,6554,xEffect,
,,,2100,6555,xEffect,
,,,2100,6556,xEffect,
,,,2100,6557,xEffect,
,,,2100,6558,xEffect,
,,,2100,6559,xEffect,
,,,2100,6560,xEffect,
,,,2100,6561,xEffect,
,,,2100,6562,xEffect,
,,,2100,6563,xEffect,
,,,2100,6564,xEffect,
,,,2100,6565,xNeed,
,,,2100,6566,xNeed,
,,,2100,6567,xNeed,
,,,2100,6568,xWant,
,,,2100,6569,xNeed,
,,,2100,6570,xNeed,
,,,2100,6571,xNeed,
,,,2100,6572,xReact,
,,,2100,6573,xReact,
,,,2100,6574,xWant,
,,,2100,6575,xWant,
,,,2100,6576,xWant,
,,,2100,6577,xWant,
,,,2100,6578,xWant,
,,,2100,6579,xWant,
,,,2100,6580,xWant,
,,,2100,6581,xWant,
,,,2100,6582,xWant,
,,,2100,6583,xWant,
,,,2100,6584,xWant,
,,,2100,6585,isAfter,
,,,2100,6586,isAfter,
,,,2100,6587,isBefore,
,,,2100,6588,isBefore,
,,,2100,6589,isBefore,
,,,2101,6590,xAttr,
,,,2101,6591,xEffect,
,,,2101,6592,xEffect,
,,,2101,6593,xEffect,
,,,2101,6594,xIntent,
,,,2101,6595,xIntent,
,,,2101,6596,xNeed,
,,,2101,6597,xNeed,
,,,2101,6598,xNeed,
,,,2101,6599,xWant,
,,,2101,6600,xWant,
,,,2101,6601,xWant,
,,,2101,6602,isAfter,
,,,2101,6603,isBefore,
,,,1994,1995,similarHead,
,,,1994,1996,similarHead,
,,,1994,1997,similarHead,
,,,1994,1998,similarHead,
,,,1994,1999,similarHead,
,,,1994,2000,similarHead,
,,,1994,2001,similarHead,
,,,1994,2002,similarHead,
,,,1994,2003,similarHead,
,,,1994,2004,similarHead,
,,,1994,2005,similarHead,
,,,1994,2006,similarHead,
,,,1994,2007,similarHead,
,,,1994,2008,similarHead,
,,,1994,2009,similarHead,
,,,1994,2010,similarHead,
,,,1994,2011,similarHead,
,,,1994,2012,similarHead,
,,,1994,2013,similarHead,
,,,1994,2014,similarHead,
,,,1994,2015,similarHead,
,,,1994,2016,similarHead,
,,,1994,2017,similarHead,
,,,1994,2018,similarHead,
,,,1994,2019,similarHead,
,,,1994,2020,similarHead,
,,,1994,2021,similarHead,
,,,1994,2022,similarHead,
,,,1994,2023,similarHead,
,,,1994,2024,similarHead,
,,,1994,2025,similarHead,
,,,1994,2026,similarHead,
,,,1994,2027,similarHead,
,,,1994,2028,similarHead,
,,,1994,2029,similarHead,
,,,1994,2030,similarHead,
,,,1994,2031,similarHead,
,,,1994,2032,similarHead,
,,,1994,2033,similarHead,
,,,1994,2034,similarHead,
,,,1994,2035,similarHead,
,,,1994,2036,similarHead,
,,,1994,2037,similarHead,
,,,1994,2038,similarHead,
,,,1994,2039,similarHead,
,,,1994,2040,similarHead,
,,,1994,2041,similarHead,
,,,1994,2042,similarHead,
,,,1994,2043,similarHead,
,,,1994,2044,similarHead,
,,,1994,2045,similarHead,
,,,1994,2046,similarHead,
,,,1994,2047,similarHead,
,,,1994,2048,similarHead,
,,,1994,2049,similarHead,
,,,1994,2050,similarHead,
,,,1994,2051,similarHead,
,,,1994,2052,similarHead,
,,,1994,2053,similarHead,
,,,1994,2054,similarHead,
,,,1994,2055,similarHead,
,,,1994,2056,similarHead,
,,,1994,2057,similarHead,
,,,1994,2058,similarHead,
,,,1994,2059,similarHead,
,,,1994,2060,similarHead,
,,,1994,2061,similarHead,
,,,1994,2062,similarHead,
,,,1994,2063,similarHead,
,,,1994,2064,similarHead,
,,,1994,2065,similarHead,
,,,1994,2066,similarHead,
,,,1994,2067,similarHead,
,,,1994,2068,similarHead,
,,,1994,2069,similarHead,
,,,1994,2070,similarHead,
,,,1994,2071,similarHead,
,,,1994,2072,similarHead,
,,,1994,2073,similarHead,
,,,1994,2074,similarHead,
,,,1994,2075,similarHead,
,,,1994,2076,similarHead,
,,,1994,2077,similarHead,
,,,1994,2078,similarHead,
,,,1994,2079,similarHead,
,,,1994,2080,similarHead,
,,,1994,2081,similarHead,
,,,1994,2082,similarHead,
,,,1994,2083,similarHead,
,,,1994,2084,similarHead,
,,,1994,2085,similarHead,
,,,1994,2086,similarHead,
,,,1994,2087,similarHead,
,,,1994,2088,similarHead,
,,,1994,2089,similarHead,
,,,1994,2090,similarHead,
,,,1994,2091,similarHead,
,,,1994,2092,similarHead,
,,,1994,2093,similarHead,
,,,1994,2094,similarHead,
,,,1994,2095,similarHead,
,,,1994,2096,similarHead,
,,,1994,2097,similarHead,
,,,1994,2098,similarHead,
,,,1994,2099,similarHead,
,,,1994,2100,similarHead,
,,,1994,2101,similarHead,
,,,1995,2102,oReact,
,,,1995,2103,oReact,
,,,1995,2104,oReact,
,,,1995,2105,xAttr,
,,,1995,2106,xAttr,
,,,1995,2107,xAttr,
,,,1995,2108,xAttr,
,,,1995,2109,xAttr,
,,,1995,2110,xAttr,
,,,1995,2111,xEffect,
,,,1995,2112,xEffect,
,,,1995,2113,xEffect,
,,,1995,2114,xEffect,
,,,1995,2115,xEffect,
,,,1995,2116,xEffect,
,,,1995,2117,xIntent,
,,,1995,2118,xIntent,
,,,1995,2119,xNeed,
,,,1995,2120,xNeed,
,,,1995,2121,xReact,
,,,1995,2122,xReact,
,,,1995,2123,xWant,
,,,1995,2124,xWant,
,,,1995,2125,xWant,
,,,1995,2126,xWant,
,,,1995,2127,xWant,
,,,1995,2128,xWant,
,,,1995,2129,xWant,
,,,1995,2130,xWant,
,,,2131,2132,xReact,
,,,2131,2133,xReact,
